relativt støjniveau;co2 (ppm);temprature (C);relativ luftfugtighed (&RH)
72;0;0;0
8;0;0;0
13;0;0;0
15;0;0;0
50;0;0;0
19;0;0;0
89;0;0;0
53;0;0;0
56;0;0;0
99;0;0;0
9;0;0;0
8;0;0;0
6;0;0;0
1;0;0;0
1;0;0;0
250;0;0;0
104;0;0;0
47;0;0;0
3;1072;28;27
6;1072;28;27
18;1072;28;27
6;1072;28;27
13;1072;28;27
4;1072;28;27
12;1072;28;27
15;1072;28;27
10;1072;28;27
5;1072;28;27
7;1072;28;27
111;1072;28;27
12;1072;28;27
2;1072;28;27
265;1072;28;27
105;1072;28;27
0;1072;28;27
2;1072;28;27
15;1072;28;27
9;1079;28;28
1;1079;28;28
3;1079;28;28
8;1079;28;28
6;1079;28;28
8;1079;28;28
7;1079;28;28
6;1079;28;28
10;1079;28;28
44;1079;28;28
43;1079;28;28
11;1079;28;28
304;1079;28;28
106;1079;28;28
8;1079;28;28
1;1079;28;28
194;1079;28;28
8;1079;28;28
9;1071;28;28
10;1071;28;28
3;1071;28;28
53;1071;28;28
6;1071;28;28
34;1071;28;28
66;1071;28;28
2;1071;28;28
9;1071;28;28
10;1071;28;28
3;1071;28;28
12;1071;28;28
18;1071;28;28
1;1071;28;28
1;1071;28;28
194;1071;28;28
134;1071;28;28
8;1071;28;28
26;1072;27;28
135;1072;27;28
8;1072;27;28
10;1072;27;28
10;1072;27;28
35;1072;27;28
16;1072;27;28
9;1072;27;28
140;1072;27;28
23;1072;27;28
34;1072;27;28
3;1072;27;28
41;1072;27;28
1;1072;27;28
227;1072;27;28
152;1072;27;28
0;1072;27;28
0;1072;27;28
4;1072;27;28
8;1072;27;29
26;1072;27;29
6;1072;27;29
11;1072;27;29
37;1072;27;29
17;1072;27;29
8;1072;27;29
147;1072;27;29
26;1072;27;29
37;1072;27;29
157;1072;27;29
134;1072;27;29
61;1072;27;29
123;1072;27;29
0;1072;27;29
42;1072;27;29
117;1072;27;29
10;1072;27;29
71;1065;27;29
74;1065;27;29
19;1065;27;29
24;1065;27;29
232;1065;27;29
77;1065;27;29
83;1065;27;29
32;1065;27;29
9;1065;27;29
27;1065;27;29
13;1065;27;29
10;1065;27;29
10;1065;27;29
0;1065;27;29
99;1065;27;29
83;1065;27;29
265;1065;27;29
0;1065;27;29
31;1065;27;29
34;1059;27;29
59;1059;27;29
13;1059;27;29
14;1059;27;29
33;1059;27;29
8;1059;27;29
32;1059;27;29
11;1059;27;29
21;1059;27;29
190;1059;27;29
189;1059;27;29
78;1059;27;29
23;1059;27;29
60;1059;27;29
245;1059;27;29
0;1059;27;29
9;1059;27;29
27;1059;27;29
17;1060;26;29
133;1060;26;29
181;1060;26;29
17;1060;26;29
9;1060;26;29
68;1060;26;29
23;1060;26;29
24;1060;26;29
21;1060;26;29
176;1060;26;29
214;1060;26;29
12;1060;26;29
39;1060;26;29
251;1060;26;29
0;1060;26;29
26;1060;26;29
19;1060;26;29
26;1060;26;29
53;1058;26;30
9;1058;26;30
11;1058;26;30
28;1058;26;30
18;1058;26;30
6;1058;26;30
17;1058;26;30
16;1058;26;30
3;1058;26;30
7;1058;26;30
26;1058;26;30
17;1058;26;30
66;1058;26;30
0;1058;26;30
68;1058;26;30
16;1058;26;30
303;1058;26;30
20;1058;26;30
86;1058;26;30
30;1056;26;30
75;1056;26;30
16;1056;26;30
9;1056;26;30
21;1056;26;30
13;1056;26;30
13;1056;26;30
26;1056;26;30
5;1056;26;30
16;1056;26;30
9;1056;26;30
13;1056;26;30
10;1056;26;30
13;1056;26;30
324;1056;26;30
16;1056;26;30
16;1056;26;30
12;1056;26;30
9;1054;26;30
11;1054;26;30
14;1054;26;30
14;1054;26;30
39;1054;26;30
22;1054;26;30
24;1054;26;30
6;1054;26;30
84;1054;26;30
18;1054;26;30
11;1054;26;30
39;1054;26;30
23;1054;26;30
304;1054;26;30
37;1054;26;30
10;1054;26;30
3;1054;26;30
283;1054;26;30
13;1053;25;30
16;1053;25;30
13;1053;25;30
11;1053;25;30
5;1053;25;30
7;1053;25;30
27;1053;25;30
14;1053;25;30
34;1053;25;30
25;1053;25;30
10;1053;25;30
19;1053;25;30
16;1053;25;30
37;1053;25;30
4;1053;25;30
2;1053;25;30
241;1053;25;30
125;1053;25;30
20;1053;25;30
20;1052;25;30
15;1052;25;30
7;1052;25;30
12;1052;25;30
53;1052;25;30
124;1052;25;30
28;1052;25;30
25;1052;25;30
8;1052;25;30
11;1052;25;30
9;1052;25;30
86;1052;25;30
26;1052;25;30
1;1052;25;30
241;1052;25;30
174;1052;25;30
0;1052;25;30
171;1052;25;30
47;1053;25;31
16;1053;25;31
12;1053;25;31
39;1053;25;31
16;1053;25;31
20;1053;25;31
12;1053;25;31
22;1053;25;31
10;1053;25;31
128;1053;25;31
53;1053;25;31
37;1053;25;31
19;1053;25;31
160;1053;25;31
95;1053;25;31
0;1053;25;31
0;1053;25;31
124;1053;25;31
6;1053;25;31
5;1052;25;31
14;1052;25;31
12;1052;25;31
11;1052;25;31
14;1052;25;31
8;1052;25;31
7;1052;25;31
4;1052;25;31
8;1052;25;31
10;1052;25;31
12;1052;25;31
33;1052;25;31
45;1052;25;31
0;1052;25;31
127;1052;25;31
447;1052;25;31
282;1052;25;31
339;1052;25;31
43;1053;25;31
314;1053;25;31
14;1053;25;31
5;1053;25;31
6;1053;25;31
14;1053;25;31
7;1053;25;31
159;1053;25;31
26;1053;25;31
0;1053;25;31
82;1053;25;31
338;1053;25;31
130;1053;25;31
352;1053;25;31
391;1053;25;31
370;1053;25;31
310;1053;25;31
479;1053;25;31
297;1081;25;31
298;1081;25;31
325;1081;25;31
356;1081;25;31
322;1081;25;31
372;1081;25;31
324;1081;25;31
74;1081;25;31
216;1081;25;31
90;1081;25;31
31;1081;25;31
262;1081;25;31
203;1081;25;31
81;1081;25;31
247;1081;25;31
0;1081;25;31
37;1081;25;31
40;1081;25;31
43;1081;25;31
19;1086;24;31
13;1086;24;31
21;1086;24;31
4;1086;24;31
82;1086;24;31
60;1086;24;31
150;1086;24;31
43;1086;24;31
28;1086;24;31
34;1086;24;31
32;1086;24;31
10;1086;24;31
22;1086;24;31
0;1086;24;31
1;1086;24;31
43;1086;24;31
227;1086;24;31
71;1086;24;31
42;1123;24;32
107;1123;24;32
25;1123;24;32
49;1123;24;32
16;1123;24;32
70;1123;24;32
15;1123;24;32
42;1123;24;32
33;1123;24;32
26;1123;24;32
13;1123;24;32
9;1123;24;32
6;1123;24;32
2;1123;24;32
42;1123;24;32
237;1123;24;32
0;1123;24;32
9;1123;24;32
9;1123;24;32
10;1163;24;32
31;1163;24;32
10;1163;24;32
18;1163;24;32
76;1163;24;32
59;1163;24;32
32;1163;24;32
16;1163;24;32
4;1163;24;32
16;1163;24;32
31;1163;24;32
38;1163;24;32
36;1163;24;32
241;1163;24;32
0;1163;24;32
5;1163;24;32
22;1163;24;32
93;1163;24;32
23;1178;24;32
77;1178;24;32
10;1178;24;32
16;1178;24;32
26;1178;24;32
13;1178;24;32
33;1178;24;32
178;1178;24;32
133;1178;24;32
104;1178;24;32
27;1178;24;32
146;1178;24;32
19;1178;24;32
0;1178;24;32
103;1178;24;32
18;1178;24;32
278;1178;24;32
37;1178;24;32
18;1189;24;32
38;1189;24;32
57;1189;24;32
32;1189;24;32
96;1189;24;32
42;1189;24;32
104;1189;24;32
93;1189;24;32
88;1189;24;32
59;1189;24;32
23;1189;24;32
10;1189;24;32
19;1189;24;32
230;1189;24;32
10;1189;24;32
324;1189;24;32
33;1189;24;32
175;1189;24;32
5;1189;24;32
316;1366;24;32
246;1366;24;32
6;1366;24;32
14;1366;24;32
8;1366;24;32
28;1366;24;32
6;1366;24;32
132;1366;24;32
16;1366;24;32
338;1366;24;32
7;1366;24;32
28;1366;24;32
3;1366;24;32
304;1366;24;32
18;1366;24;32
1;1366;24;32
4;1366;24;32
13;1366;24;32
10;1372;24;33
7;1372;24;33
11;1372;24;33
6;1372;24;33
4;1372;24;33
7;1372;24;33
11;1372;24;33
3;1372;24;33
10;1372;24;33
14;1372;24;33
15;1372;24;33
10;1372;24;33
25;1372;24;33
32;1372;24;33
2;1372;24;33
5;1372;24;33
268;1372;24;33
70;1372;24;33
39;1372;24;33
9;1377;24;33
12;1377;24;33
16;1377;24;33
14;1377;24;33
5;1377;24;33
8;1377;24;33
141;1377;24;33
127;1377;24;33
56;1377;24;33
18;1377;24;33
11;1377;24;33
5;1377;24;33
4;1377;24;33
4;1377;24;33
274;1377;24;33
87;1377;24;33
26;1377;24;33
28;1377;24;33
8;1571;24;34
6;1571;24;34
8;1571;24;34
17;1571;24;34
9;1571;24;34
17;1571;24;34
11;1571;24;34
115;1571;24;34
30;1571;24;34
84;1571;24;34
121;1571;24;34
219;1571;24;34
75;1571;24;34
261;1571;24;34
91;1571;24;34
1;1571;24;34
1;1571;24;34
21;1571;24;34
15;1744;24;35
8;1744;24;35
20;1744;24;35
5;1744;24;35
177;1744;24;35
47;1744;24;35
16;1744;24;35
21;1744;24;35
9;1744;24;35
16;1744;24;35
27;1744;24;35
16;1744;24;35
9;1744;24;35
48;1744;24;35
8;1744;24;35
1;1744;24;35
220;1744;24;35
126;1744;24;35
75;1744;24;35
10;1868;24;36
12;1868;24;36
131;1868;24;36
29;1868;24;36
22;1868;24;36
61;1868;24;36
14;1868;24;36
6;1868;24;36
6;1868;24;36
66;1868;24;36
16;1868;24;36
5;1868;24;36
178;1868;24;36
0;1868;24;36
198;1868;24;36
206;1868;24;36
0;1868;24;36
9;1868;24;36
7;1921;24;37
15;1921;24;37
77;1921;24;37
60;1921;24;37
16;1921;24;37
14;1921;24;37
11;1921;24;37
19;1921;24;37
8;1921;24;37
11;1921;24;37
10;1921;24;37
5;1921;24;37
138;1921;24;37
182;1921;24;37
191;1921;24;37
0;1921;24;37
15;1921;24;37
88;1921;24;37
11;1921;24;37
32;1929;24;36
62;1929;24;36
14;1929;24;36
24;1929;24;36
15;1929;24;36
4;1929;24;36
7;1929;24;36
7;1929;24;36
19;1929;24;36
118;1929;24;36
100;1929;24;36
25;1929;24;36
184;1929;24;36
0;1929;24;36
6;1929;24;36
82;1929;24;36
262;1929;24;36
138;1929;24;36
48;1932;24;36
23;1932;24;36
51;1932;24;36
125;1932;24;36
9;1932;24;36
44;1932;24;36
90;1932;24;36
46;1932;24;36
7;1932;24;36
19;1932;24;36
11;1932;24;36
39;1932;24;36
41;1932;24;36
141;1932;24;36
61;1932;24;36
258;1932;24;36
0;1932;24;36
15;1932;24;36
13;1939;24;36
129;1939;24;36
80;1939;24;36
52;1939;24;36
55;1939;24;36
84;1939;24;36
26;1939;24;36
11;1939;24;36
9;1939;24;36
5;1939;24;36
7;1939;24;36
7;1939;24;36
19;1939;24;36
56;1939;24;36
250;1939;24;36
0;1939;24;36
4;1939;24;36
25;1939;24;36
20;1939;24;36
13;1938;24;36
22;1938;24;36
8;1938;24;36
53;1938;24;36
227;1938;24;36
48;1938;24;36
9;1938;24;36
17;1938;24;36
168;1938;24;36
5;1938;24;36
4;1938;24;36
4;1938;24;36
15;1938;24;36
0;1938;24;36
27;1938;24;36
21;1938;24;36
305;1938;24;36
10;1938;24;36
18;1934;24;35
120;1934;24;35
31;1934;24;35
32;1934;24;35
22;1934;24;35
24;1934;24;35
142;1934;24;35
8;1934;24;35
21;1934;24;35
22;1934;24;35
15;1934;24;35
9;1934;24;35
18;1934;24;35
163;1934;24;35
16;1934;24;35
308;1934;24;35
14;1934;24;35
0;1934;24;35
15;1934;24;35
23;1915;24;35
32;1915;24;35
21;1915;24;35
16;1915;24;35
8;1915;24;35
3;1915;24;35
10;1915;24;35
8;1915;24;35
29;1915;24;35
3;1915;24;35
5;1915;24;35
2;1915;24;35
16;1915;24;35
328;1915;24;35
5;1915;24;35
18;1915;24;35
6;1915;24;35
4;1915;24;35
10;1883;24;35
17;1883;24;35
11;1883;24;35
10;1883;24;35
13;1883;24;35
14;1883;24;35
14;1883;24;35
21;1883;24;35
25;1883;24;35
6;1883;24;35
5;1883;24;35
10;1883;24;35
9;1883;24;35
24;1883;24;35
7;1883;24;35
5;1883;24;35
285;1883;24;35
7;1883;24;35
14;1847;24;35
109;1847;24;35
65;1847;24;35
28;1847;24;35
8;1847;24;35
4;1847;24;35
6;1847;24;35
11;1847;24;35
11;1847;24;35
25;1847;24;35
7;1847;24;35
6;1847;24;35
20;1847;24;35
6;1847;24;35
5;1847;24;35
261;1847;24;35
68;1847;24;35
1;1847;24;35
8;1847;24;35
4;1815;24;35
4;1815;24;35
10;1815;24;35
14;1815;24;35
4;1815;24;35
87;1815;24;35
25;1815;24;35
27;1815;24;35
14;1815;24;35
2;1815;24;35
6;1815;24;35
190;1815;24;35
142;1815;24;35
262;1815;24;35
88;1815;24;35
18;1815;24;35
1;1815;24;35
33;1815;24;35
32;1778;24;34
11;1778;24;34
23;1778;24;34
2;1778;24;34
38;1778;24;34
13;1778;24;34
33;1778;24;34
110;1778;24;34
7;1778;24;34
22;1778;24;34
28;1778;24;34
14;1778;24;34
6;1778;24;34
75;1778;24;34
1;1778;24;34
3;1778;24;34
220;1778;24;34
123;1778;24;34
38;1778;24;34
45;1747;24;34
60;1747;24;34
27;1747;24;34
93;1747;24;34
25;1747;24;34
33;1747;24;34
49;1747;24;34
38;1747;24;34
7;1747;24;34
69;1747;24;34
267;1747;24;34
169;1747;24;34
0;1747;24;34
20;1747;24;34
155;1747;24;34
189;1747;24;34
0;1747;24;34
13;1747;24;34
23;1710;24;34
8;1710;24;34
27;1710;24;34
24;1710;24;34
5;1710;24;34
8;1710;24;34
21;1710;24;34
36;1710;24;34
5;1710;24;34
19;1710;24;34
12;1710;24;34
11;1710;24;34
9;1710;24;34
160;1710;24;34
206;1710;24;34
0;1710;24;34
67;1710;24;34
10;1710;24;34
5;1674;24;34
11;1674;24;34
17;1674;24;34
4;1674;24;34
13;1674;24;34
3;1674;24;34
6;1674;24;34
9;1674;24;34
62;1674;24;34
17;1674;24;34
11;1674;24;34
5;1674;24;34
29;1674;24;34
184;1674;24;34
0;1674;24;34
1;1674;24;34
79;1674;24;34
245;1674;24;34
7;1674;24;34
37;1644;24;34
14;1644;24;34
5;1644;24;34
25;1644;24;34
6;1644;24;34
26;1644;24;34
22;1644;24;34
7;1644;24;34
28;1644;24;34
3;1644;24;34
10;1644;24;34
6;1644;24;34
17;1644;24;34
1;1644;24;34
77;1644;24;34
228;1644;24;34
0;1644;24;34
79;1644;24;34
17;1622;24;34
46;1622;24;34
33;1622;24;34
46;1622;24;34
18;1622;24;34
25;1622;24;34
18;1622;24;34
17;1622;24;34
12;1622;24;34
22;1622;24;34
8;1622;24;34
12;1622;24;34
15;1622;24;34
64;1622;24;34
239;1622;24;34
0;1622;24;34
2;1622;24;34
31;1622;24;34
6;1594;24;34
10;1594;24;34
10;1594;24;34
21;1594;24;34
10;1594;24;34
23;1594;24;34
12;1594;24;34
15;1594;24;34
5;1594;24;34
5;1594;24;34
8;1594;24;34
17;1594;24;34
47;1594;24;34
225;1594;24;34
0;1594;24;34
8;1594;24;34
31;1594;24;34
279;1594;24;34
11;1594;24;34
3;1559;24;34
8;1559;24;34
8;1559;24;34
8;1559;24;34
8;1559;24;34
3;1559;24;34
7;1559;24;34
6;1559;24;34
2;1559;24;34
6;1559;24;34
7;1559;24;34
7;1559;24;34
4;1559;24;34
0;1559;24;34
42;1559;24;34
258;1559;24;34
0;1559;24;34
9;1559;24;34
13;1548;24;34
5;1548;24;34
4;1548;24;34
10;1548;24;34
4;1548;24;34
7;1548;24;34
9;1548;24;34
7;1548;24;34
5;1548;24;34
7;1548;24;34
6;1548;24;34
7;1548;24;34
4;1548;24;34
56;1548;24;34
243;1548;24;34
0;1548;24;34
1;1548;24;34
29;1548;24;34
6;1548;24;34
3;1518;23;34
7;1518;23;34
7;1518;23;34
8;1518;23;34
10;1518;23;34
7;1518;23;34
10;1518;23;34
5;1518;23;34
8;1518;23;34
6;1518;23;34
3;1518;23;34
5;1518;23;34
12;1518;23;34
