relativt støjniveau;co2 (ppm);temprature (C);relativ luftfugtighed (%RH)
71;0;0;0
13;0;0;0
75;0;0;0
40;0;0;0
71;0;0;0
14;0;0;0
267;0;0;0
23;0;0;0
233;0;0;0
18;0;0;0
76;0;0;0
89;0;0;0
157;0;0;0
13;0;0;0
39;0;0;0
194;0;0;0
126;0;0;0
146;0;0;0
117;1246;27;32
158;1246;27;32
45;1246;27;32
179;1246;27;32
107;1246;27;32
221;1246;27;32
92;1246;27;32
84;1246;27;32
141;1246;27;32
136;1246;27;32
185;1246;27;32
101;1246;27;32
49;1246;27;32
11;1246;27;32
225;1246;27;32
186;1246;27;32
0;1246;27;32
133;1246;27;32
125;1246;27;32
138;1245;26;33
184;1245;26;33
89;1245;26;33
27;1245;26;33
192;1245;26;33
228;1245;26;33
91;1245;26;33
241;1245;26;33
158;1245;26;33
61;1245;26;33
102;1245;26;33
204;1245;26;33
160;1245;26;33
233;1245;26;33
0;1245;26;33
8;1245;26;33
74;1245;26;33
114;1245;26;33
76;1245;26;34
176;1245;26;34
130;1245;26;34
194;1245;26;34
46;1245;26;34
166;1245;26;34
64;1245;26;34
199;1245;26;34
172;1245;26;34
45;1245;26;34
104;1245;26;34
35;1245;26;34
220;1245;26;34
0;1245;26;34
81;1245;26;34
52;1245;26;34
216;1245;26;34
76;1245;26;34
18;1241;26;34
38;1241;26;34
24;1241;26;34
211;1241;26;34
185;1241;26;34
131;1241;26;34
87;1241;26;34
33;1241;26;34
21;1241;26;34
148;1241;26;34
123;1241;26;34
97;1241;26;34
38;1241;26;34
111;1241;26;34
41;1241;26;34
246;1241;26;34
43;1241;26;34
166;1241;26;34
223;1241;26;34
238;1228;25;35
21;1228;25;35
23;1228;25;35
109;1228;25;35
133;1228;25;35
47;1228;25;35
35;1228;25;35
6;1228;25;35
12;1228;25;35
12;1228;25;35
12;1228;25;35
120;1228;25;35
123;1228;25;35
253;1228;25;35
19;1228;25;35
39;1228;25;35
19;1228;25;35
115;1228;25;35
160;1234;25;35
53;1234;25;35
78;1234;25;35
29;1234;25;35
40;1234;25;35
176;1234;25;35
27;1234;25;35
15;1234;25;35
30;1234;25;35
21;1234;25;35
15;1234;25;35
37;1234;25;35
26;1234;25;35
11;1234;25;35
178;1234;25;35
24;1234;25;35
316;1234;25;35
50;1234;25;35
46;1234;25;35
3;1223;25;35
8;1223;25;35
3;1223;25;35
14;1223;25;35
11;1223;25;35
14;1223;25;35
48;1223;25;35
49;1223;25;35
12;1223;25;35
48;1223;25;35
18;1223;25;35
19;1223;25;35
15;1223;25;35
10;1223;25;35
309;1223;25;35
27;1223;25;35
2;1223;25;35
58;1223;25;35
32;1225;25;36
159;1225;25;36
93;1225;25;36
50;1225;25;36
41;1225;25;36
49;1225;25;36
23;1225;25;36
13;1225;25;36
12;1225;25;36
128;1225;25;36
17;1225;25;36
89;1225;25;36
19;1225;25;36
329;1225;25;36
58;1225;25;36
12;1225;25;36
186;1225;25;36
46;1225;25;36
30;1228;25;36
30;1228;25;36
127;1228;25;36
69;1228;25;36
51;1228;25;36
59;1228;25;36
250;1228;25;36
309;1228;25;36
17;1228;25;36
71;1228;25;36
86;1228;25;36
142;1228;25;36
105;1228;25;36
65;1228;25;36
39;1228;25;36
19;1228;25;36
247;1228;25;36
238;1228;25;36
62;1228;25;36
32;1231;24;36
10;1231;24;36
120;1231;24;36
241;1231;24;36
176;1231;24;36
210;1231;24;36
136;1231;24;36
238;1231;24;36
123;1231;24;36
246;1231;24;36
164;1231;24;36
14;1231;24;36
21;1231;24;36
69;1231;24;36
230;1231;24;36
156;1231;24;36
0;1231;24;36
17;1231;24;36
63;1231;24;37
15;1231;24;37
31;1231;24;37
38;1231;24;37
11;1231;24;37
4;1231;24;37
15;1231;24;37
8;1231;24;37
93;1231;24;37
6;1231;24;37
22;1231;24;37
17;1231;24;37
80;1231;24;37
214;1231;24;37
164;1231;24;37
0;1231;24;37
0;1231;24;37
104;1231;24;37
39;1229;24;37
30;1229;24;37
7;1229;24;37
17;1229;24;37
22;1229;24;37
24;1229;24;37
38;1229;24;37
42;1229;24;37
43;1229;24;37
149;1229;24;37
104;1229;24;37
196;1229;24;37
50;1229;24;37
169;1229;24;37
0;1229;24;37
26;1229;24;37
79;1229;24;37
242;1229;24;37
55;1229;24;37
235;1228;24;37
15;1228;24;37
23;1228;24;37
10;1228;24;37
92;1228;24;37
45;1228;24;37
64;1228;24;37
107;1228;24;37
18;1228;24;37
13;1228;24;37
30;1228;24;37
141;1228;24;37
162;1228;24;37
118;1228;24;37
40;1228;24;37
259;1228;24;37
0;1228;24;37
55;1228;24;37
68;1226;24;37
31;1226;24;37
16;1226;24;37
10;1226;24;37
7;1226;24;37
11;1226;24;37
12;1226;24;37
22;1226;24;37
19;1226;24;37
25;1226;24;37
11;1226;24;37
15;1226;24;37
13;1226;24;37
29;1226;24;37
265;1226;24;37
0;1226;24;37
10;1226;24;37
12;1226;24;37
13;1226;24;37
17;1225;24;38
9;1225;24;38
29;1225;24;38
13;1225;24;38
27;1225;24;38
14;1225;24;38
32;1225;24;38
18;1225;24;38
23;1225;24;38
21;1225;24;38
73;1225;24;38
16;1225;24;38
176;1225;24;38
43;1225;24;38
48;1225;24;38
7;1225;24;38
310;1225;24;38
11;1225;24;38
34;1223;23;38
90;1223;23;38
174;1223;23;38
81;1223;23;38
160;1223;23;38
46;1223;23;38
64;1223;23;38
38;1223;23;38
33;1223;23;38
15;1223;23;38
8;1223;23;38
9;1223;23;38
8;1223;23;38
8;1223;23;38
5;1223;23;38
311;1223;23;38
123;1223;23;38
30;1223;23;38
149;1223;23;38
252;1223;23;38
184;1223;23;38
26;1223;23;38
43;1223;23;38
20;1223;23;38
8;1223;23;38
15;1223;23;38
13;1223;23;38
225;1223;23;38
84;1223;23;38
37;1223;23;38
24;1223;23;38
3;1223;23;38
252;1223;23;38
101;1223;23;38
68;1223;23;38
247;1223;23;38
81;1223;23;38
60;1214;23;38
13;1214;23;38
108;1214;23;38
41;1214;23;38
24;1214;23;38
9;1214;23;38
96;1214;23;38
16;1214;23;38
8;1214;23;38
16;1214;23;38
14;1214;23;38
177;1214;23;38
43;1214;23;38
20;1214;23;38
5;1214;23;38
1;1214;23;38
145;1214;23;38
53;1214;23;38
107;1209;23;38
54;1209;23;38
36;1209;23;38
12;1209;23;38
53;1209;23;38
97;1209;23;38
74;1209;23;38
46;1209;23;38
46;1209;23;38
49;1209;23;38
90;1209;23;38
26;1209;23;38
14;1209;23;38
0;1209;23;38
12;1209;23;38
123;1209;23;38
182;1209;23;38
0;1209;23;38
36;1209;23;38
79;1205;23;38
30;1205;23;38
23;1205;23;38
14;1205;23;38
23;1205;23;38
20;1205;23;38
24;1205;23;38
9;1205;23;38
8;1205;23;38
13;1205;23;38
46;1205;23;38
22;1205;23;38
16;1205;23;38
94;1205;23;38
242;1205;23;38
0;1205;23;38
30;1205;23;38
10;1205;23;38
14;1201;23;39
37;1201;23;39
7;1201;23;39
186;1201;23;39
37;1201;23;39
54;1201;23;39
41;1201;23;39
19;1201;23;39
47;1201;23;39
32;1201;23;39
9;1201;23;39
52;1201;23;39
102;1201;23;39
251;1201;23;39
0;1201;23;39
16;1201;23;39
36;1201;23;39
79;1201;23;39
122;1192;22;39
31;1192;22;39
38;1192;22;39
56;1192;22;39
36;1192;22;39
13;1192;22;39
88;1192;22;39
192;1192;22;39
22;1192;22;39
22;1192;22;39
14;1192;22;39
18;1192;22;39
49;1192;22;39
0;1192;22;39
26;1192;22;39
25;1192;22;39
274;1192;22;39
0;1192;22;39
12;1192;22;39
35;1181;22;39
17;1181;22;39
106;1181;22;39
73;1181;22;39
23;1181;22;39
135;1181;22;39
60;1181;22;39
34;1181;22;39
1;1181;22;39
4;1181;22;39
6;1181;22;39
22;1181;22;39
149;1181;22;39
22;1181;22;39
300;1181;22;39
7;1181;22;39
4;1181;22;39
26;1181;22;39
115;1246;21;39
69;1246;21;39
9;1246;21;39
88;1246;21;39
118;1246;21;39
114;1246;21;39
20;1246;21;39
220;1246;21;39
137;1246;21;39
269;1246;21;39
40;1246;21;39
22;1246;21;39
9;1246;21;39
265;1246;21;39
19;1246;21;39
4;1246;21;39
5;1246;21;39
290;1246;21;39
9;1246;21;39
34;1229;21;39
136;1229;21;39
252;1229;21;39
252;1229;21;39
372;1229;21;39
57;1229;21;39
121;1229;21;39
262;1229;21;39
26;1229;21;39
260;1229;21;39
22;1229;21;39
17;1229;21;39
45;1229;21;39
26;1229;21;39
96;1229;21;39
196;1229;21;39
121;1229;21;39
6;1229;21;39
9;1207;20;40
61;1207;20;40
17;1207;20;40
16;1207;20;40
251;1207;20;40
15;1207;20;40
57;1207;20;40
106;1207;20;40
154;1207;20;40
13;1207;20;40
11;1207;20;40
7;1207;20;40
11;1207;20;40
120;1207;20;40
206;1207;20;40
151;1207;20;40
0;1207;20;40
29;1207;20;40
20;1206;20;40
9;1206;20;40
16;1206;20;40
52;1206;20;40
123;1206;20;40
13;1206;20;40
35;1206;20;40
17;1206;20;40
17;1206;20;40
9;1206;20;40
4;1206;20;40
12;1206;20;40
12;1206;20;40
174;1206;20;40
185;1206;20;40
0;1206;20;40
0;1206;20;40
76;1206;20;40
6;1206;20;40
32;1206;20;40
78;1206;20;40
226;1206;20;40
216;1206;20;40
100;1206;20;40
112;1206;20;40
97;1206;20;40
186;1206;20;40
130;1206;20;40
87;1206;20;40
37;1206;20;40
63;1206;20;40
43;1206;20;40
0;1206;20;40
1;1206;20;40
40;1206;20;40
227;1206;20;40
91;1206;20;40
49;1159;19;41
46;1159;19;41
74;1159;19;41
37;1159;19;41
17;1159;19;41
6;1159;19;41
77;1159;19;41
22;1159;19;41
35;1159;19;41
68;1159;19;41
150;1159;19;41
36;1159;19;41
13;1159;19;41
101;1159;19;41
28;1159;19;41
264;1159;19;41
1;1159;19;41
9;1159;19;41
12;1159;19;41
50;1142;19;41
147;1142;19;41
29;1142;19;41
18;1142;19;41
15;1142;19;41
31;1142;19;41
72;1142;19;41
36;1142;19;41
124;1142;19;41
59;1142;19;41
93;1142;19;41
34;1142;19;41
17;1142;19;41
234;1142;19;41
52;1142;19;41
59;1142;19;41
8;1142;19;41
36;1142;19;41
20;923;18;42
211;923;18;42
169;923;18;42
141;923;18;42
54;923;18;42
21;923;18;42
5;923;18;42
172;923;18;42
97;923;18;42
178;923;18;42
236;923;18;42
103;923;18;42
94;923;18;42
2;923;18;42
1;923;18;42
5;923;18;42
242;923;18;42
21;923;18;42
83;882;16;43
167;882;16;43
14;882;16;43
11;882;16;43
60;882;16;43
53;882;16;43
83;882;16;43
11;882;16;43
48;882;16;43
24;882;16;43
34;882;16;43
16;882;16;43
34;882;16;43
18;882;16;43
50;882;16;43
196;882;16;43
92;882;16;43
7;882;16;43
15;882;16;43
31;1092;15;44
9;1092;15;44
11;1092;15;44
26;1092;15;44
130;1092;15;44
16;1092;15;44
23;1092;15;44
56;1092;15;44
14;1092;15;44
18;1092;15;44
69;1092;15;44
17;1092;15;44
19;1092;15;44
191;1092;15;44
218;1092;15;44
0;1092;15;44
10;1092;15;44
13;1092;15;44
24;1080;13;46
9;1080;13;46
71;1080;13;46
110;1080;13;46
19;1080;13;46
94;1080;13;46
15;1080;13;46
9;1080;13;46
27;1080;13;46
17;1080;13;46
14;1080;13;46
12;1080;13;46
28;1080;13;46
232;1080;13;46
0;1080;13;46
0;1080;13;46
44;1080;13;46
206;1080;13;46
27;1080;13;46
44;1062;13;47
13;1062;13;47
44;1062;13;47
17;1062;13;47
50;1062;13;47
8;1062;13;47
27;1062;13;47
13;1062;13;47
74;1062;13;47
39;1062;13;47
23;1062;13;47
34;1062;13;47
0;1062;13;47
48;1062;13;47
17;1062;13;47
279;1062;13;47
12;1062;13;47
16;1062;13;47
19;1054;13;47
30;1054;13;47
25;1054;13;47
126;1054;13;47
241;1054;13;47
16;1054;13;47
22;1054;13;47
11;1054;13;47
103;1054;13;47
26;1054;13;47
32;1054;13;47
11;1054;13;47
229;1054;13;47
16;1054;13;47
320;1054;13;47
156;1054;13;47
50;1054;13;47
100;1054;13;47
13;909;13;47
56;909;13;47
24;909;13;47
57;909;13;47
147;909;13;47
19;909;13;47
191;909;13;47
80;909;13;47
33;909;13;47
18;909;13;47
134;909;13;47
29;909;13;47
9;909;13;47
227;909;13;47
208;909;13;47
2;909;13;47
28;909;13;47
141;909;13;47
14;909;13;47
5;912;13;47
13;912;13;47
7;912;13;47
46;912;13;47
15;912;13;47
92;912;13;47
123;912;13;47
45;912;13;47
11;912;13;47
11;912;13;47
23;912;13;47
30;912;13;47
19;912;13;47
0;912;13;47
5;912;13;47
100;912;13;47
267;912;13;47
42;912;13;47
13;922;13;47
15;922;13;47
8;922;13;47
8;922;13;47
6;922;13;47
8;922;13;47
18;922;13;47
26;922;13;47
93;922;13;47
62;922;13;47
165;922;13;47
164;922;13;47
15;922;13;47
107;922;13;47
52;922;13;47
248;922;13;47
0;922;13;47
13;922;13;47
50;929;13;47
12;929;13;47
40;929;13;47
21;929;13;47
16;929;13;47
11;929;13;47
247;929;13;47
6;929;13;47
25;929;13;47
44;929;13;47
43;929;13;47
38;929;13;47
65;929;13;47
159;929;13;47
205;929;13;47
7;929;13;47
2;929;13;47
12;929;13;47
16;929;13;47
9;941;13;47
8;941;13;47
6;941;13;47
6;941;13;47
51;941;13;47
74;941;13;47
35;941;13;47
65;941;13;47
66;941;13;47
21;941;13;47
67;941;13;47
34;941;13;47
39;941;13;47
51;941;13;47
7;941;13;47
6;941;13;47
325;941;13;47
8;941;13;47
11;946;13;47
13;946;13;47
12;946;13;47
12;946;13;47
59;946;13;47
14;946;13;47
45;946;13;47
61;946;13;47
78;946;13;47
41;946;13;47
60;946;13;47
15;946;13;47
12;946;13;47
4;946;13;47
3;946;13;47
258;946;13;47
123;946;13;47
4;946;13;47
12;946;13;47
78;963;13;47
35;963;13;47
17;963;13;47
10;963;13;47
9;963;13;47
44;963;13;47
33;963;13;47
10;963;13;47
46;963;13;47
92;963;13;47
25;963;13;47
13;963;13;47
5;963;13;47
235;963;13;47
218;963;13;47
0;963;13;47
17;963;13;47
35;963;13;47
39;973;13;47
188;973;13;47
149;973;13;47
22;973;13;47
13;973;13;47
15;973;13;47
19;973;13;47
18;973;13;47
10;973;13;47
15;973;13;47
16;973;13;47
6;973;13;47
260;973;13;47
218;973;13;47
0;973;13;47
1;973;13;47
75;973;13;47
24;973;13;47
31;972;12;47
20;972;12;47
19;972;12;47
12;972;12;47
15;972;12;47
21;972;12;47
9;972;12;47
7;972;12;47
6;972;12;47
8;972;12;47
21;972;12;47
47;972;12;47
13;972;12;47
0;972;12;47
18;972;12;47
54;972;12;47
299;972;12;47
0;972;12;47
13;972;12;47
12;973;13;47
15;973;13;47
16;973;13;47
17;973;13;47
22;973;13;47
26;973;13;47
15;973;13;47
19;973;13;47
67;973;13;47
17;973;13;47
17;973;13;47
8;973;13;47
8;973;13;47
31;973;13;47
300;973;13;47
19;973;13;47
42;973;13;47
37;973;13;47
19;976;13;47
17;976;13;47
25;976;13;47
6;976;13;47
65;976;13;47
34;976;13;47
7;976;13;47
8;976;13;47
9;976;13;47
8;976;13;47
8;976;13;47
11;976;13;47
146;976;13;47
333;976;13;47
46;976;13;47
63;976;13;47
63;976;13;47
302;976;13;47
172;976;13;47
108;978;13;47
70;978;13;47
53;978;13;47
28;978;13;47
32;978;13;47
10;978;13;47
11;978;13;47
7;978;13;47
12;978;13;47
9;978;13;47
39;978;13;47
13;978;13;47
46;978;13;47
3;978;13;47
3;978;13;47
269;978;13;47
137;978;13;47
37;978;13;47
8;978;13;47
26;978;13;47
111;978;13;47
210;978;13;47
34;978;13;47
37;978;13;47
27;978;13;47
80;978;13;47
177;978;13;47
263;978;13;47
331;978;13;47
147;978;13;47
266;978;13;47
79;978;13;47
217;978;13;47
242;978;13;47
0;978;13;47
11;978;13;47
7;978;14;47
52;978;14;47
26;978;14;47
50;978;14;47
47;978;14;47
25;978;14;47
21;978;14;47
6;978;14;47
26;978;14;47
135;978;14;47
147;978;14;47
50;978;14;47
152;978;14;47
148;978;14;47
245;978;14;47
0;978;14;47
2;978;14;47
66;978;14;47
4;978;14;47
61;982;14;47
58;982;14;47
35;982;14;47
100;982;14;47
22;982;14;47
29;982;14;47
82;982;14;47
12;982;14;47
237;982;14;47
38;982;14;47
170;982;14;47
245;982;14;47
337;982;14;47
119;982;14;47
306;982;14;47
147;982;14;47
243;982;14;47
15;982;14;47
90;980;14;47
157;980;14;47
104;980;14;47
32;980;14;47
11;980;14;47
4;980;14;47
114;980;14;47
49;980;14;47
10;980;14;47
31;980;14;47
83;980;14;47
10;980;14;47
64;980;14;47
30;980;14;47
17;980;14;47
326;980;14;47
43;980;14;47
134;980;14;47
103;980;14;47
20;981;15;47
127;981;15;47
35;981;15;47
49;981;15;47
35;981;15;47
111;981;15;47
33;981;15;47
38;981;15;47
13;981;15;47
127;981;15;47
117;981;15;47
30;981;15;47
9;981;15;47
286;981;15;47
33;981;15;47
43;981;15;47
3;981;15;47
20;981;15;47
50;982;15;46
64;982;15;46
66;982;15;46
118;982;15;46
45;982;15;46
34;982;15;46
10;982;15;46
9;982;15;46
10;982;15;46
30;982;15;46
20;982;15;46
26;982;15;46
16;982;15;46
106;982;15;46
17;982;15;46
3;982;15;46
254;982;15;46
25;982;15;46
26;981;15;46
17;981;15;46
72;981;15;46
14;981;15;46
104;981;15;46
49;981;15;46
57;981;15;46
8;981;15;46
31;981;15;46
76;981;15;46
65;981;15;46
41;981;15;46
14;981;15;46
1;981;15;46
5;981;15;46
236;981;15;46
181;981;15;46
0;981;15;46
14;981;15;46
24;981;15;46
43;981;15;46
158;981;15;46
221;981;15;46
78;981;15;46
8;981;15;46
3;981;15;46
41;981;15;46
36;981;15;46
35;981;15;46
56;981;15;46
19;981;15;46
14;981;15;46
218;981;15;46
190;981;15;46
0;981;15;46
32;981;15;46
110;981;15;46
71;983;16;46
94;983;16;46
21;983;16;46
23;983;16;46
14;983;16;46
153;983;16;46
58;983;16;46
60;983;16;46
114;983;16;46
23;983;16;46
44;983;16;46
28;983;16;46
73;983;16;46
187;983;16;46
0;983;16;46
81;983;16;46
83;983;16;46
252;983;16;46
7;983;16;46
49;986;16;45
1;986;16;45
9;986;16;45
33;986;16;45
19;986;16;45
14;986;16;45
6;986;16;45
11;986;16;45
13;986;16;45
137;986;16;45
134;986;16;45
125;986;16;45
0;986;16;45
87;986;16;45
59;986;16;45
228;986;16;45
0;986;16;45
7;986;16;45
9;987;16;45
28;987;16;45
22;987;16;45
147;987;16;45
68;987;16;45
64;987;16;45
30;987;16;45
83;987;16;45
71;987;16;45
37;987;16;45
24;987;16;45
21;987;16;45
13;987;16;45
45;987;16;45
283;987;16;45
0;987;16;45
28;987;16;45
38;987;16;45
30;988;16;45
73;988;16;45
14;988;16;45
29;988;16;45
20;988;16;45
5;988;16;45
19;988;16;45
17;988;16;45
26;988;16;45
19;988;16;45
10;988;16;45
9;988;16;45
13;988;16;45
298;988;16;45
0;988;16;45
4;988;16;45
16;988;16;45
342;988;16;45
23;988;16;45
18;989;17;45
7;989;17;45
17;989;17;45
7;989;17;45
11;989;17;45
208;989;17;45
94;989;17;45
11;989;17;45
6;989;17;45
23;989;17;45
187;989;17;45
276;989;17;45
64;989;17;45
105;989;17;45
12;989;17;45
349;989;17;45
35;989;17;45
13;989;17;45
8;988;17;45
10;988;17;45
16;988;17;45
65;988;17;45
8;988;17;45
12;988;17;45
14;988;17;45
24;988;17;45
9;988;17;45
12;988;17;45
9;988;17;45
8;988;17;45
17;988;17;45
11;988;17;45
305;988;17;45
30;988;17;45
14;988;17;45
6;988;17;45
12;987;17;44
6;987;17;44
62;987;17;44
25;987;17;44
16;987;17;44
9;987;17;44
10;987;17;44
8;987;17;44
35;987;17;44
19;987;17;44
9;987;17;44
24;987;17;44
20;987;17;44
340;987;17;44
53;987;17;44
17;987;17;44
19;987;17;44
306;987;17;44
177;987;17;44
176;988;17;44
55;988;17;44
35;988;17;44
27;988;17;44
108;988;17;44
69;988;17;44
46;988;17;44
46;988;17;44
40;988;17;44
24;988;17;44
26;988;17;44
45;988;17;44
28;988;17;44
10;988;17;44
4;988;17;44
297;988;17;44
116;988;17;44
18;988;17;44
22;989;17;44
40;989;17;44
6;989;17;44
42;989;17;44
30;989;17;44
3;989;17;44
22;989;17;44
21;989;17;44
43;989;17;44
30;989;17;44
22;989;17;44
23;989;17;44
64;989;17;44
15;989;17;44
240;989;17;44
155;989;17;44
5;989;17;44
22;989;17;44
47;989;17;44
11;989;18;44
27;989;18;44
27;989;18;44
192;989;18;44
16;989;18;44
61;989;18;44
30;989;18;44
24;989;18;44
34;989;18;44
198;989;18;44
46;989;18;44
17;989;18;44
26;989;18;44
129;989;18;44
4;989;18;44
20;989;18;44
197;989;18;44
12;989;18;44
31;989;18;44
48;989;18;44
40;989;18;44
16;989;18;44
16;989;18;44
13;989;18;44
12;989;18;44
22;989;18;44
8;989;18;44
9;989;18;44
17;989;18;44
33;989;18;44
19;989;18;44
5;989;18;44
10;989;18;44
211;989;18;44
222;989;18;44
7;989;18;44
9;989;18;44
44;989;18;44
42;989;18;44
88;989;18;44
31;989;18;44
39;989;18;44
20;989;18;44
16;989;18;44
32;989;18;44
27;989;18;44
17;989;18;44
18;989;18;44
13;989;18;44
0;989;18;44
181;989;18;44
241;989;18;44
0;989;18;44
11;989;18;44
14;989;18;44
19;989;18;44
16;989;18;44
18;989;18;44
12;989;18;44
10;989;18;44
110;989;18;44
24;989;18;44
31;989;18;44
83;989;18;44
1;989;18;44
16;989;18;44
12;989;18;44
13;989;18;44
252;989;18;44
0;989;18;44
12;989;18;44
64;989;18;44
17;989;18;44
17;989;18;43
41;989;18;43
40;989;18;43
15;989;18;43
175;989;18;43
25;989;18;43
142;989;18;43
146;989;18;43
16;989;18;43
15;989;18;43
9;989;18;43
150;989;18;43
190;989;18;43
0;989;18;43
18;989;18;43
58;989;18;43
265;989;18;43
0;989;18;43
20;989;18;43
27;989;18;43
38;989;18;43
113;989;18;43
35;989;18;43
151;989;18;43
14;989;18;43
56;989;18;43
63;989;18;43
26;989;18;43
33;989;18;43
72;989;18;43
68;989;18;43
34;989;18;43
47;989;18;43
270;989;18;43
3;989;18;43
7;989;18;43
10;989;18;43
24;989;18;43
77;989;18;43
41;989;18;43
49;989;18;43
23;989;18;43
17;989;18;43
68;989;18;43
22;989;18;43
13;989;18;43
18;989;18;43
50;989;18;43
79;989;18;43
25;989;18;43
268;989;18;43
0;989;18;43
65;989;18;43
21;989;18;43
10;989;18;43
14;989;19;43
13;989;19;43
38;989;19;43
30;989;19;43
33;989;19;43
67;989;19;43
30;989;19;43
21;989;19;43
21;989;19;43
50;989;19;43
35;989;19;43
12;989;19;43
24;989;19;43
0;989;19;43
7;989;19;43
28;989;19;43
291;989;19;43
11;989;19;43
24;989;19;43
13;989;19;43
10;989;19;43
16;989;19;43
18;989;19;43
23;989;19;43
67;989;19;43
32;989;19;43
11;989;19;43
20;989;19;43
22;989;19;43
16;989;19;43
14;989;19;43
16;989;19;43
29;989;19;43
305;989;19;43
11;989;19;43
8;989;19;43
17;989;19;43
32;990;19;43
78;990;19;43
44;990;19;43
72;990;19;43
20;990;19;43
69;990;19;43
16;990;19;43
44;990;19;43
17;990;19;43
26;990;19;43
10;990;19;43
45;990;19;43
9;990;19;43
254;990;19;43
0;990;19;43
72;990;19;43
15;990;19;43
293;990;19;43
47;990;19;43
14;990;19;43
179;990;19;43
68;990;19;43
39;990;19;43
69;990;19;43
95;990;19;43
136;990;19;43
86;990;19;43
181;990;19;43
148;990;19;43
64;990;19;43
57;990;19;43
2;990;19;43
23;990;19;43
13;990;19;43
319;990;19;43
52;990;19;43
19;990;19;43
7;989;19;43
21;989;19;43
18;989;19;43
17;989;19;43
37;989;19;43
16;989;19;43
11;989;19;43
100;989;19;43
13;989;19;43
11;989;19;43
50;989;19;43
9;989;19;43
9;989;19;43
11;989;19;43
297;989;19;43
62;989;19;43
49;989;19;43
35;989;19;43
10;989;19;43
83;989;19;43
64;989;19;43
46;989;19;43
18;989;19;43
43;989;19;43
12;989;19;43
22;989;19;43
6;989;19;43
79;989;19;43
16;989;19;43
39;989;19;43
7;989;19;43
272;989;19;43
55;989;19;43
14;989;19;43
7;989;19;43
288;989;19;43
25;989;19;43
164;990;19;43
26;990;19;43
20;990;19;43
41;990;19;43
10;990;19;43
49;990;19;43
66;990;19;43
69;990;19;43
12;990;19;43
15;990;19;43
4;990;19;43
16;990;19;43
44;990;19;43
24;990;19;43
11;990;19;43
279;990;19;43
92;990;19;43
44;990;19;43
10;989;19;42
13;989;19;42
20;989;19;42
19;989;19;42
10;989;19;42
18;989;19;42
10;989;19;42
15;989;19;42
11;989;19;42
36;989;19;42
35;989;19;42
74;989;19;42
161;989;19;42
72;989;19;42
295;989;19;42
108;989;19;42
3;989;19;42
4;989;19;42
16;989;19;42
26;988;19;42
38;988;19;42
17;988;19;42
38;988;19;42
91;988;19;42
34;988;19;42
33;988;19;42
29;988;19;42
28;988;19;42
16;988;19;42
12;988;19;42
13;988;19;42
255;988;19;42
77;988;19;42
12;988;19;42
270;988;19;42
240;988;19;42
20;988;19;42
11;988;19;42
14;988;19;42
6;988;19;42
11;988;19;42
11;988;19;42
139;988;19;42
151;988;19;42
43;988;19;42
49;988;19;42
16;988;19;42
7;988;19;42
11;988;19;42
32;988;19;42
6;988;19;42
2;988;19;42
244;988;19;42
184;988;19;42
9;988;19;42
16;989;20;42
68;989;20;42
94;989;20;42
39;989;20;42
9;989;20;42
8;989;20;42
5;989;20;42
7;989;20;42
17;989;20;42
46;989;20;42
25;989;20;42
29;989;20;42
19;989;20;42
2;989;20;42
246;989;20;42
159;989;20;42
5;989;20;42
16;989;20;42
33;989;20;42
19;990;20;42
16;990;20;42
34;990;20;42
48;990;20;42
20;990;20;42
16;990;20;42
8;990;20;42
12;990;20;42
74;990;20;42
17;990;20;42
56;990;20;42
35;990;20;42
138;990;20;42
96;990;20;42
4;990;20;42
80;990;20;42
214;990;20;42
9;990;20;42
71;990;20;42
20;990;20;42
11;990;20;42
11;990;20;42
21;990;20;42
15;990;20;42
8;990;20;42
14;990;20;42
10;990;20;42
6;990;20;42
15;990;20;42
13;990;20;42
17;990;20;42
8;990;20;42
3;990;20;42
249;990;20;42
174;990;20;42
1;990;20;42
14;990;20;42
18;990;20;42
15;990;20;42
14;990;20;42
198;990;20;42
9;990;20;42
9;990;20;42
11;990;20;42
102;990;20;42
16;990;20;42
17;990;20;42
19;990;20;42
9;990;20;42
2;990;20;42
245;990;20;42
129;990;20;42
2;990;20;42
12;990;20;42
42;990;20;42
46;989;20;42
14;989;20;42
18;989;20;42
27;989;20;42
17;989;20;42
13;989;20;42
11;989;20;42
7;989;20;42
10;989;20;42
9;989;20;42
180;989;20;42
106;989;20;42
133;989;20;42
117;989;20;42
2;989;20;42
5;989;20;42
219;989;20;42
31;989;20;42
42;990;20;42
29;990;20;42
40;990;20;42
34;990;20;42
9;990;20;42
21;990;20;42
16;990;20;42
11;990;20;42
6;990;20;42
13;990;20;42
12;990;20;42
20;990;20;42
22;990;20;42
6;990;20;42
6;990;20;42
251;990;20;42
191;990;20;42
1;990;20;42
7;990;20;42
10;990;20;42
48;990;20;42
31;990;20;42
7;990;20;42
20;990;20;42
11;990;20;42
15;990;20;42
7;990;20;42
8;990;20;42
6;990;20;42
6;990;20;42
12;990;20;42
34;990;20;42
263;990;20;42
152;990;20;42
4;990;20;42
2;990;20;42
12;990;20;42
18;990;20;42
57;990;20;42
16;990;20;42
9;990;20;42
31;990;20;42
10;990;20;42
19;990;20;42
12;990;20;42
39;990;20;42
32;990;20;42
21;990;20;42
18;990;20;42
33;990;20;42
138;990;20;42
2;990;20;42
2;990;20;42
218;990;20;42
195;990;20;42
25;990;20;42
15;991;20;42
13;991;20;42
7;991;20;42
14;991;20;42
14;991;20;42
10;991;20;42
12;991;20;42
12;991;20;42
12;991;20;42
8;991;20;42
14;991;20;42
12;991;20;42
9;991;20;42
48;991;20;42
200;991;20;42
187;991;20;42
0;991;20;42
8;991;20;42
17;991;20;42
11;991;20;42
21;991;20;42
16;991;20;42
10;991;20;42
10;991;20;42
8;991;20;42
20;991;20;42
10;991;20;42
10;991;20;42
11;991;20;42
12;991;20;42
11;991;20;42
247;991;20;42
190;991;20;42
1;991;20;42
1;991;20;42
7;991;20;42
9;991;20;42
9;991;20;42
26;991;20;42
6;991;20;42
9;991;20;42
8;991;20;42
17;991;20;42
11;991;20;42
21;991;20;42
12;991;20;42
11;991;20;42
9;991;20;42
14;991;20;42
96;991;20;42
1;991;20;42
0;991;20;42
229;991;20;42
187;991;20;42
19;991;20;42
14;992;20;42
15;992;20;42
10;992;20;42
9;992;20;42
13;992;20;42
9;992;20;42
10;992;20;42
36;992;20;42
68;992;20;42
20;992;20;42
8;992;20;42
8;992;20;42
8;992;20;42
3;992;20;42
217;992;20;42
176;992;20;42
0;992;20;42
6;992;20;42
20;991;20;42
9;991;20;42
23;991;20;42
13;991;20;42
7;991;20;42
11;991;20;42
11;991;20;42
7;991;20;42
22;991;20;42
13;991;20;42
8;991;20;42
12;991;20;42
14;991;20;42
246;991;20;42
128;991;20;42
0;991;20;42
0;991;20;42
166;991;20;42
8;991;20;41
15;991;20;41
9;991;20;41
8;991;20;41
141;991;20;41
23;991;20;41
9;991;20;41
2;991;20;41
6;991;20;41
9;991;20;41
11;991;20;41
14;991;20;41
8;991;20;41
102;991;20;41
4;991;20;41
1;991;20;41
224;991;20;41
206;991;20;41
11;991;20;41
8;991;21;41
11;991;21;41
9;991;21;41
12;991;21;41
21;991;21;41
14;991;21;41
6;991;21;41
7;991;21;41
11;991;21;41
8;991;21;41
8;991;21;41
9;991;21;41
6;991;21;41
4;991;21;41
254;991;21;41
169;991;21;41
1;991;21;41
10;991;21;41
22;991;20;41
10;991;20;41
7;991;20;41
5;991;20;41
9;991;20;41
11;991;20;41
19;991;20;41
17;991;20;41
5;991;20;41
7;991;20;41
9;991;20;41
10;991;20;41
22;991;20;41
284;991;20;41
126;991;20;41
2;991;20;41
5;991;20;41
219;991;20;41
9;991;20;41
12;991;20;41
11;991;20;41
15;991;20;41
7;991;20;41
11;991;20;41
9;991;20;41
13;991;20;41
8;991;20;41
10;991;20;41
14;991;20;41
7;991;20;41
12;991;20;41
10;991;20;41
5;991;20;41
1;991;20;41
244;991;20;41
150;991;20;41
8;991;20;41
7;991;20;41
9;991;20;41
9;991;20;41
9;991;20;41
8;991;20;41
10;991;20;41
7;991;20;41
12;991;20;41
12;991;20;41
15;991;20;41
5;991;20;41
17;991;20;41
7;991;20;41
1;991;20;41
261;991;20;41
155;991;20;41
0;991;20;41
0;991;20;41
14;990;20;41
13;990;20;41
14;990;20;41
14;990;20;41
13;990;20;41
16;990;20;41
6;990;20;41
20;990;20;41
14;990;20;41
11;990;20;41
8;990;20;41
4;990;20;41
11;990;20;41
262;990;20;41
116;990;20;41
1;990;20;41
0;990;20;41
207;990;20;41
12;990;20;41
11;990;20;41
10;990;20;41
9;990;20;41
15;990;20;41
14;990;20;41
14;990;20;41
11;990;20;41
8;990;20;41
9;990;20;41
20;990;20;41
20;990;20;41
12;990;20;41
8;990;20;41
0;990;20;41
1;990;20;41
195;990;20;41
213;990;20;41
10;990;20;41
13;988;20;41
12;988;20;41
6;988;20;41
5;988;20;41
10;988;20;41
6;988;20;41
14;988;20;41
6;988;20;41
10;988;20;41
16;988;20;41
10;988;20;41
10;988;20;41
2;988;20;41
0;988;20;41
241;988;20;41
200;988;20;41
0;988;20;41
0;988;20;41
10;988;20;41
11;988;20;41
14;988;20;41
4;988;20;41
14;988;20;41
9;988;20;41
6;988;20;41
8;988;20;41
9;988;20;41
18;988;20;41
6;988;20;41
7;988;20;41
10;988;20;41
6;988;20;41
163;988;20;41
0;988;20;41
0;988;20;41
184;988;20;41
7;988;20;41
7;987;20;41
15;987;20;41
12;987;20;41
8;987;20;41
6;987;20;41
9;987;20;41
9;987;20;41
11;987;20;41
8;987;20;41
8;987;20;41
15;987;20;41
12;987;20;41
18;987;20;41
3;987;20;41
1;987;20;41
224;987;20;41
199;987;20;41
6;987;20;41
6;986;20;41
11;986;20;41
18;986;20;41
10;986;20;41
8;986;20;41
13;986;20;41
9;986;20;41
9;986;20;41
5;986;20;41
16;986;20;41
6;986;20;41
11;986;20;41
17;986;20;41
1;986;20;41
245;986;20;41
171;986;20;41
0;986;20;41
0;986;20;41
7;986;20;41
10;981;21;41
12;981;21;41
17;981;21;41
13;981;21;41
12;981;21;41
15;981;21;41
10;981;21;41
8;981;21;41
10;981;21;41
15;981;21;41
14;981;21;41
10;981;21;41
7;981;21;41
149;981;21;41
2;981;21;41
4;981;21;41
187;981;21;41
10;981;21;41
15;980;21;41
8;980;21;41
12;980;21;41
7;980;21;41
15;980;21;41
6;980;21;41
6;980;21;41
15;980;21;41
20;980;21;41
4;980;21;41
14;980;21;41
9;980;21;41
23;980;21;41
2;980;21;41
4;980;21;41
185;980;21;41
218;980;21;41
0;980;21;41
7;980;21;41
10;978;21;41
16;978;21;41
5;978;21;41
9;978;21;41
7;978;21;41
18;978;21;41
9;978;21;41
10;978;21;41
8;978;21;41
9;978;21;41
9;978;21;41
10;978;21;41
16;978;21;41
216;978;21;41
183;978;21;41
0;978;21;41
5;978;21;41
15;978;21;41
8;976;21;41
9;976;21;41
15;976;21;41
10;976;21;41
13;976;21;41
9;976;21;41
19;976;21;41
15;976;21;41
8;976;21;41
9;976;21;41
6;976;21;41
11;976;21;41
19;976;21;41
166;976;21;41
1;976;21;41
0;976;21;41
182;976;21;41
6;976;21;41
11;975;21;41
10;975;21;41
11;975;21;41
5;975;21;41
17;975;21;41
7;975;21;41
16;975;21;41
9;975;21;41
13;975;21;41
23;975;21;41
10;975;21;41
10;975;21;41
11;975;21;41
1;975;21;41
1;975;21;41
188;975;21;41
195;975;21;41
0;975;21;41
17;975;21;41
7;975;21;41
10;975;21;41
11;975;21;41
13;975;21;41
17;975;21;41
11;975;21;41
15;975;21;41
19;975;21;41
5;975;21;41
16;975;21;41
24;975;21;41
14;975;21;41
18;975;21;41
217;975;21;41
193;975;21;41
0;975;21;41
1;975;21;41
12;975;21;41
6;974;21;41
7;974;21;41
12;974;21;41
20;974;21;41
12;974;21;41
16;974;21;41
6;974;21;41
17;974;21;41
12;974;21;41
16;974;21;41
7;974;21;41
7;974;21;41
7;974;21;41
177;974;21;41
0;974;21;41
6;974;21;41
189;974;21;41
209;974;21;41
9;974;21;41
13;973;21;41
11;973;21;41
15;973;21;41
6;973;21;41
13;973;21;41
7;973;21;41
17;973;21;41
12;973;21;41
10;973;21;41
8;973;21;41
6;973;21;41
8;973;21;41
1;973;21;41
0;973;21;41
204;973;21;41
211;973;21;41
0;973;21;41
14;973;21;41
12;971;21;41
9;971;21;41
10;971;21;41
18;971;21;41
9;971;21;41
12;971;21;41
8;971;21;41
14;971;21;41
6;971;21;41
20;971;21;41
12;971;21;41
20;971;21;41
9;971;21;41
234;971;21;41
151;971;21;41
0;971;21;41
1;971;21;41
6;971;21;41
11;969;21;41
4;969;21;41
7;969;21;41
6;969;21;41
3;969;21;41
13;969;21;41
6;969;21;41
24;969;21;41
16;969;21;41
9;969;21;41
8;969;21;41
8;969;21;41
8;969;21;41
122;969;21;41
8;969;21;41
1;969;21;41
181;969;21;41
173;969;21;41
17;969;21;41
9;968;21;41
12;968;21;41
15;968;21;41
8;968;21;41
11;968;21;41
6;968;21;41
5;968;21;41
17;968;21;41
13;968;21;41
12;968;21;41
11;968;21;41
20;968;21;41
15;968;21;41
2;968;21;41
216;968;21;41
157;968;21;41
0;968;21;41
9;968;21;41
4;967;21;41
8;967;21;41
9;967;21;41
10;967;21;41
9;967;21;41
9;967;21;41
8;967;21;41
13;967;21;41
9;967;21;41
7;967;21;41
11;967;21;41
6;967;21;41
13;967;21;41
237;967;21;41
161;967;21;41
0;967;21;41
0;967;21;41
159;967;21;41
20;967;21;41
10;967;21;41
17;967;21;41
14;967;21;41
8;967;21;41
7;967;21;41
12;967;21;41
16;967;21;41
11;967;21;41
15;967;21;41
14;967;21;41
14;967;21;41
21;967;21;41
124;967;21;41
0;967;21;41
0;967;21;41
180;967;21;41
217;967;21;41
8;967;21;41
10;967;21;41
13;967;21;41
5;967;21;41
7;967;21;41
9;967;21;41
26;967;21;41
7;967;21;41
10;967;21;41
18;967;21;41
7;967;21;41
12;967;21;41
17;967;21;41
11;967;21;41
5;967;21;41
211;967;21;41
211;967;21;41
0;967;21;41
14;967;21;41
6;964;21;41
13;964;21;41
4;964;21;41
11;964;21;41
18;964;21;41
12;964;21;41
16;964;21;41
18;964;21;41
20;964;21;41
14;964;21;41
8;964;21;41
13;964;21;41
6;964;21;41
243;964;21;41
206;964;21;41
1;964;21;41
4;964;21;41
172;964;21;41
9;964;21;41
16;962;21;41
91;962;21;41
19;962;21;41
21;962;21;41
11;962;21;41
4;962;21;41
3;962;21;41
8;962;21;41
12;962;21;41
10;962;21;41
7;962;21;41
9;962;21;41
19;962;21;41
2;962;21;41
0;962;21;41
215;962;21;41
190;962;21;41
10;962;21;41
14;963;21;41
7;963;21;41
20;963;21;41
13;963;21;41
9;963;21;41
11;963;21;41
18;963;21;41
8;963;21;41
16;963;21;41
8;963;21;41
9;963;21;41
25;963;21;41
13;963;21;41
1;963;21;41
211;963;21;41
202;963;21;41
0;963;21;41
2;963;21;41
10;963;21;41
12;963;21;41
9;963;21;41
12;963;21;41
12;963;21;41
24;963;21;41
25;963;21;41
16;963;21;41
6;963;21;41
23;963;21;41
12;963;21;41
9;963;21;41
16;963;21;41
255;963;21;41
140;963;21;41
2;963;21;41
0;963;21;41
189;963;21;41
6;963;21;41
11;962;21;40
12;962;21;40
8;962;21;40
10;962;21;40
9;962;21;40
14;962;21;40
13;962;21;40
11;962;21;40
12;962;21;40
14;962;21;40
14;962;21;40
10;962;21;40
9;962;21;40
6;962;21;40
0;962;21;40
211;962;21;40
233;962;21;40
7;962;21;40
14;962;21;40
14;962;21;40
11;962;21;40
11;962;21;40
14;962;21;40
4;962;21;40
12;962;21;40
9;962;21;40
1;962;21;40
15;962;21;40
10;962;21;40
6;962;21;40
13;962;21;40
0;962;21;40
204;962;21;40
216;962;21;40
0;962;21;40
2;962;21;40
14;962;21;40
5;962;21;40
2;962;21;40
9;962;21;40
11;962;21;40
8;962;21;40
20;962;21;40
15;962;21;40
10;962;21;40
12;962;21;40
16;962;21;40
12;962;21;40
8;962;21;40
15;962;21;40
163;962;21;40
0;962;21;40
6;962;21;40
159;962;21;40
18;962;21;40
14;962;21;40
6;962;21;40
15;962;21;40
10;962;21;40
8;962;21;40
10;962;21;40
6;962;21;40
4;962;21;40
4;962;21;40
11;962;21;40
11;962;21;40
24;962;21;40
21;962;21;40
1;962;21;40
6;962;21;40
188;962;21;40
211;962;21;40
0;962;21;40
2;962;21;40
8;960;21;40
14;960;21;40
10;960;21;40
6;960;21;40
7;960;21;40
6;960;21;40
10;960;21;40
10;960;21;40
7;960;21;40
8;960;21;40
8;960;21;40
8;960;21;40
1;960;21;40
239;960;21;40
156;960;21;40
0;960;21;40
0;960;21;40
6;960;21;40
10;961;21;40
7;961;21;40
10;961;21;40
7;961;21;40
27;961;21;40
7;961;21;40
6;961;21;40
9;961;21;40
5;961;21;40
6;961;21;40
7;961;21;40
7;961;21;40
10;961;21;40
118;961;21;40
1;961;21;40
0;961;21;40
225;961;21;40
12;961;21;40
5;960;21;40
7;960;21;40
4;960;21;40
8;960;21;40
6;960;21;40
6;960;21;40
11;960;21;40
9;960;21;40
10;960;21;40
20;960;21;40
6;960;21;40
7;960;21;40
6;960;21;40
60;960;21;40
26;960;21;40
216;960;21;40
195;960;21;40
0;960;21;40
11;960;21;40
10;959;21;40
13;959;21;40
14;959;21;40
9;959;21;40
9;959;21;40
8;959;21;40
11;959;21;40
16;959;21;40
12;959;21;40
6;959;21;40
12;959;21;40
13;959;21;40
12;959;21;40
252;959;21;40
128;959;21;40
0;959;21;40
0;959;21;40
6;959;21;40
3;959;21;40
6;959;21;40
16;959;21;40
18;959;21;40
6;959;21;40
11;959;21;40
12;959;21;40
14;959;21;40
10;959;21;40
13;959;21;40
8;959;21;40
10;959;21;40
12;959;21;40
107;959;21;40
9;959;21;40
2;959;21;40
222;959;21;40
182;959;21;40
21;959;21;40
12;959;21;40
8;959;21;40
8;959;21;40
17;959;21;40
5;959;21;40
8;959;21;40
9;959;21;40
13;959;21;40
11;959;21;40
20;959;21;40
12;959;21;40
8;959;21;40
2;959;21;40
1;959;21;40
248;959;21;40
155;959;21;40
0;959;21;40
8;959;21;40
10;958;21;40
9;958;21;40
8;958;21;40
13;958;21;40
9;958;21;40
10;958;21;40
12;958;21;40
9;958;21;40
11;958;21;40
6;958;21;40
5;958;21;40
8;958;21;40
9;958;21;40
246;958;21;40
94;958;21;40
4;958;21;40
2;958;21;40
11;958;21;40
7;955;21;40
6;955;21;40
12;955;21;40
10;955;21;40
16;955;21;40
20;955;21;40
16;955;21;40
8;955;21;40
6;955;21;40
20;955;21;40
7;955;21;40
15;955;21;40
7;955;21;40
111;955;21;40
1;955;21;40
1;955;21;40
236;955;21;40
181;955;21;40
12;955;21;40
10;955;21;40
13;955;21;40
6;955;21;40
11;955;21;40
9;955;21;40
1;955;21;40
14;955;21;40
11;955;21;40
9;955;21;40
14;955;21;40
7;955;21;40
22;955;21;40
11;955;21;40
2;955;21;40
280;955;21;40
141;955;21;40
3;955;21;40
4;955;21;40
9;954;21;40
18;954;21;40
11;954;21;40
8;954;21;40
7;954;21;40
25;954;21;40
13;954;21;40
21;954;21;40
8;954;21;40
22;954;21;40
18;954;21;40
5;954;21;40
11;954;21;40
283;954;21;40
99;954;21;40
8;954;21;40
1;954;21;40
242;954;21;40
10;952;21;40
22;952;21;40
11;952;21;40
15;952;21;40
10;952;21;40
9;952;21;40
8;952;21;40
18;952;21;40
7;952;21;40
6;952;21;40
15;952;21;40
8;952;21;40
13;952;21;40
96;952;21;40
4;952;21;40
1;952;21;40
270;952;21;40
130;952;21;40
18;952;21;40
22;950;21;40
12;950;21;40
21;950;21;40
9;950;21;40
14;950;21;40
16;950;21;40
24;950;21;40
14;950;21;40
12;950;21;40
9;950;21;40
7;950;21;40
8;950;21;40
9;950;21;40
3;950;21;40
259;950;21;40
126;950;21;40
0;950;21;40
9;950;21;40
30;948;21;40
18;948;21;40
9;948;21;40
11;948;21;40
11;948;21;40
16;948;21;40
15;948;21;40
12;948;21;40
13;948;21;40
7;948;21;40
12;948;21;40
10;948;21;40
11;948;21;40
306;948;21;40
127;948;21;40
4;948;21;40
3;948;21;40
226;948;21;40
12;948;21;40
11;946;21;40
10;946;21;40
6;946;21;40
18;946;21;40
14;946;21;40
20;946;21;40
10;946;21;40
0;946;21;40
13;946;21;40
12;946;21;40
15;946;21;40
6;946;21;40
20;946;21;40
5;946;21;40
1;946;21;40
259;946;21;40
163;946;21;40
8;946;21;40
14;944;21;40
4;944;21;40
22;944;21;40
15;944;21;40
8;944;21;40
6;944;21;40
18;944;21;40
7;944;21;40
25;944;21;40
7;944;21;40
8;944;21;40
4;944;21;40
12;944;21;40
2;944;21;40
260;944;21;40
126;944;21;40
1;944;21;40
0;944;21;40
10;945;21;40
10;945;21;40
8;945;21;40
17;945;21;40
8;945;21;40
16;945;21;40
14;945;21;40
15;945;21;40
7;945;21;40
19;945;21;40
12;945;21;40
14;945;21;40
10;945;21;40
298;945;21;40
128;945;21;40
10;945;21;40
1;945;21;40
228;945;21;40
7;945;21;40
14;945;21;40
12;945;21;40
9;945;21;40
10;945;21;40
5;945;21;40
19;945;21;40
14;945;21;40
15;945;21;40
7;945;21;40
6;945;21;40
10;945;21;40
4;945;21;40
10;945;21;40
0;945;21;40
2;945;21;40
267;945;21;40
145;945;21;40
13;945;21;40
7;944;21;40
19;944;21;40
17;944;21;40
11;944;21;40
9;944;21;40
6;944;21;40
10;944;21;40
12;944;21;40
3;944;21;40
10;944;21;40
5;944;21;40
8;944;21;40
13;944;21;40
3;944;21;40
284;944;21;40
124;944;21;40
6;944;21;40
1;944;21;40
8;944;21;40
11;943;21;40
18;943;21;40
8;943;21;40
20;943;21;40
10;943;21;40
14;943;21;40
20;943;21;40
13;943;21;40
20;943;21;40
15;943;21;40
19;943;21;40
16;943;21;40
15;943;21;40
81;943;21;40
0;943;21;40
3;943;21;40
237;943;21;40
14;943;21;40
15;942;21;40
23;942;21;40
14;942;21;40
5;942;21;40
14;942;21;40
7;942;21;40
8;942;21;40
4;942;21;40
16;942;21;40
12;942;21;40
12;942;21;40
11;942;21;40
13;942;21;40
7;942;21;40
5;942;21;40
290;942;21;40
110;942;21;40
18;942;21;40
15;942;22;40
4;942;22;40
6;942;22;40
10;942;22;40
19;942;22;40
16;942;22;40
8;942;22;40
6;942;22;40
14;942;22;40
9;942;22;40
16;942;22;40
9;942;22;40
11;942;22;40
7;942;22;40
319;942;22;40
65;942;22;40
2;942;22;40
4;942;22;40
14;942;22;40
9;941;22;40
8;941;22;40
26;941;22;40
18;941;22;40
15;941;22;40
21;941;22;40
15;941;22;40
19;941;22;40
10;941;22;40
19;941;22;40
12;941;22;40
16;941;22;40
8;941;22;40
54;941;22;40
6;941;22;40
5;941;22;40
281;941;22;40
19;941;22;40
10;941;22;40
14;941;22;40
11;941;22;40
11;941;22;40
5;941;22;40
6;941;22;40
6;941;22;40
4;941;22;40
14;941;22;40
20;941;22;40
10;941;22;40
17;941;22;40
16;941;22;40
10;941;22;40
10;941;22;40
303;941;22;40
70;941;22;40
8;941;22;40
19;941;22;40
6;941;22;40
18;941;22;40
11;941;22;40
13;941;22;40
8;941;22;40
14;941;22;40
7;941;22;40
13;941;22;40
10;941;22;40
10;941;22;40
6;941;22;40
9;941;22;40
8;941;22;40
317;941;22;40
13;941;22;40
3;941;22;40
8;941;22;40
6;941;22;40
10;941;22;40
10;941;22;40
9;941;22;40
5;941;22;40
8;941;22;40
11;941;22;40
14;941;22;40
10;941;22;40
10;941;22;40
7;941;22;40
11;941;22;40
12;941;22;40
11;941;22;40
4;941;22;40
7;941;22;40
14;941;22;40
341;941;22;40
6;941;22;40
9;940;22;40
7;940;22;40
16;940;22;40
12;940;22;40
6;940;22;40
7;940;22;40
8;940;22;40
8;940;22;40
9;940;22;40
10;940;22;40
6;940;22;40
3;940;22;40
15;940;22;40
4;940;22;40
25;940;22;40
278;940;22;40
5;940;22;40
5;940;22;40
14;940;22;40
12;940;22;40
12;940;22;40
8;940;22;40
10;940;22;40
9;940;22;40
20;940;22;40
17;940;22;40
21;940;22;40
13;940;22;40
13;940;22;40
17;940;22;40
10;940;22;40
10;940;22;40
293;940;22;40
2;940;22;40
4;940;22;40
17;940;22;40
9;940;22;40
15;939;22;40
10;939;22;40
16;939;22;40
7;939;22;40
9;939;22;40
12;939;22;40
15;939;22;40
6;939;22;40
15;939;22;40
15;939;22;40
10;939;22;40
13;939;22;40
5;939;22;40
0;939;22;40
0;939;22;40
27;939;22;40
273;939;22;40
5;939;22;40
10;939;22;40
12;939;22;40
11;939;22;40
3;939;22;40
9;939;22;40
15;939;22;40
13;939;22;40
17;939;22;40
4;939;22;40
12;939;22;40
15;939;22;40
16;939;22;40
4;939;22;40
17;939;22;40
39;939;22;40
284;939;22;40
0;939;22;40
8;939;22;40
14;939;22;40
11;938;22;40
5;938;22;40
12;938;22;40
17;938;22;40
14;938;22;40
12;938;22;40
22;938;22;40
15;938;22;40
8;938;22;40
12;938;22;40
20;938;22;40
5;938;22;40
17;938;22;40
206;938;22;40
1;938;22;40
5;938;22;40
29;938;22;40
15;938;22;40
14;937;22;40
12;937;22;40
7;937;22;40
8;937;22;40
10;937;22;40
10;937;22;40
8;937;22;40
4;937;22;40
9;937;22;40
7;937;22;40
9;937;22;40
19;937;22;40
9;937;22;40
0;937;22;40
9;937;22;40
49;937;22;40
269;937;22;40
0;937;22;40
15;937;22;40
8;937;22;40
18;937;22;40
10;937;22;40
6;937;22;40
15;937;22;40
11;937;22;40
11;937;22;40
5;937;22;40
6;937;22;40
13;937;22;40
10;937;22;40
11;937;22;40
12;937;22;40
58;937;22;40
277;937;22;40
0;937;22;40
1;937;22;40
16;937;22;40
10;936;22;40
7;936;22;40
6;936;22;40
11;936;22;40
9;936;22;40
7;936;22;40
14;936;22;40
16;936;22;40
7;936;22;40
17;936;22;40
24;936;22;40
7;936;22;40
19;936;22;40
280;936;22;40
0;936;22;40
3;936;22;40
37;936;22;40
281;936;22;40
14;936;22;40
19;935;22;40
18;935;22;40
11;935;22;40
7;935;22;40
6;935;22;40
17;935;22;40
11;935;22;40
15;935;22;40
8;935;22;40
11;935;22;40
12;935;22;40
11;935;22;40
0;935;22;40
1;935;22;40
40;935;22;40
276;935;22;40
0;935;22;40
16;935;22;40
17;934;22;39
9;934;22;39
12;934;22;39
8;934;22;39
15;934;22;39
10;934;22;39
13;934;22;39
6;934;22;39
8;934;22;39
9;934;22;39
19;934;22;39
5;934;22;39
8;934;22;39
48;934;22;39
270;934;22;39
0;934;22;39
17;934;22;39
11;934;22;39
15;930;22;40
8;930;22;40
8;930;22;40
5;930;22;40
9;930;22;40
7;930;22;40
12;930;22;40
8;930;22;40
2;930;22;40
14;930;22;40
19;930;22;40
12;930;22;40
9;930;22;40
213;930;22;40
0;930;22;40
3;930;22;40
30;930;22;40
309;930;22;40
19;930;22;40
13;930;22;39
10;930;22;39
11;930;22;39
8;930;22;39
19;930;22;39
15;930;22;39
10;930;22;39
11;930;22;39
23;930;22;39
11;930;22;39
13;930;22;39
12;930;22;39
10;930;22;39
3;930;22;39
33;930;22;39
263;930;22;39
5;930;22;39
13;930;22;39
16;930;22;39
9;930;22;39
7;930;22;39
10;930;22;39
3;930;22;39
19;930;22;39
7;930;22;39
5;930;22;39
9;930;22;39
10;930;22;39
9;930;22;39
9;930;22;39
10;930;22;39
50;930;22;39
245;930;22;39
0;930;22;39
19;930;22;39
27;930;22;39
9;930;22;39
22;929;22;39
10;929;22;39
8;929;22;39
7;929;22;39
13;929;22;39
10;929;22;39
9;929;22;39
9;929;22;39
5;929;22;39
11;929;22;39
9;929;22;39
17;929;22;39
272;929;22;39
0;929;22;39
6;929;22;39
42;929;22;39
290;929;22;39
19;929;22;39
13;928;22;39
14;928;22;39
8;928;22;39
18;928;22;39
17;928;22;39
12;928;22;39
12;928;22;39
12;928;22;39
9;928;22;39
10;928;22;39
6;928;22;39
7;928;22;39
13;928;22;39
2;928;22;39
61;928;22;39
286;928;22;39
0;928;22;39
15;928;22;39
17;928;22;39
18;928;22;39
14;928;22;39
18;928;22;39
18;928;22;39
11;928;22;39
8;928;22;39
16;928;22;39
17;928;22;39
7;928;22;39
7;928;22;39
9;928;22;39
16;928;22;39
88;928;22;39
256;928;22;39
0;928;22;39
1;928;22;39
50;928;22;39
11;928;22;39
17;927;22;39
10;927;22;39
9;927;22;39
19;927;22;39
12;927;22;39
13;927;22;39
8;927;22;39
21;927;22;39
10;927;22;39
10;927;22;39
6;927;22;39
5;927;22;39
7;927;22;39
0;927;22;39
3;927;22;39
89;927;22;39
272;927;22;39
4;927;22;39
7;927;22;39
15;927;22;39
7;927;22;39
8;927;22;39
17;927;22;39
5;927;22;39
8;927;22;39
5;927;22;39
13;927;22;39
11;927;22;39
21;927;22;39
13;927;22;39
14;927;22;39
4;927;22;39
138;927;22;39
261;927;22;39
0;927;22;39
0;927;22;39
29;927;22;39
24;926;22;39
7;926;22;39
9;926;22;39
4;926;22;39
10;926;22;39
10;926;22;39
29;926;22;39
12;926;22;39
15;926;22;39
13;926;22;39
8;926;22;39
9;926;22;39
195;926;22;39
210;926;22;39
0;926;22;39
0;926;22;39
103;926;22;39
12;926;22;39
9;926;22;39
12;926;22;39
10;926;22;39
13;926;22;39
9;926;22;39
11;926;22;39
11;926;22;39
6;926;22;39
12;926;22;39
14;926;22;39
11;926;22;39
15;926;22;39
12;926;22;39
0;926;22;39
0;926;22;39
145;926;22;39
219;926;22;39
14;926;22;39
18;923;22;39
8;923;22;39
10;923;22;39
12;923;22;39
12;923;22;39
11;923;22;39
10;923;22;39
8;923;22;39
6;923;22;39
6;923;22;39
10;923;22;39
9;923;22;39
6;923;22;39
5;923;22;39
200;923;22;39
204;923;22;39
0;923;22;39
1;923;22;39
8;923;22;39
8;918;22;39
6;918;22;39
4;918;22;39
12;918;22;39
14;918;22;39
11;918;22;39
5;918;22;39
16;918;22;39
11;918;22;39
11;918;22;39
12;918;22;39
20;918;22;39
7;918;22;39
184;918;22;39
0;918;22;39
4;918;22;39
189;918;22;39
13;918;22;39
13;915;22;39
17;915;22;39
7;915;22;39
11;915;22;39
11;915;22;39
19;915;22;39
11;915;22;39
14;915;22;39
16;915;22;39
16;915;22;39
7;915;22;39
7;915;22;39
13;915;22;39
0;915;22;39
3;915;22;39
228;915;22;39
190;915;22;39
0;915;22;39
8;915;22;39
15;914;22;39
16;914;22;39
12;914;22;39
7;914;22;39
5;914;22;39
13;914;22;39
8;914;22;39
12;914;22;39
15;914;22;39
21;914;22;39
11;914;22;39
6;914;22;39
1;914;22;39
259;914;22;39
150;914;22;39
2;914;22;39
1;914;22;39
9;914;22;39
7;913;22;39
16;913;22;39
13;913;22;39
9;913;22;39
12;913;22;39
9;913;22;39
15;913;22;39
7;913;22;39
5;913;22;39
4;913;22;39
9;913;22;39
7;913;22;39
12;913;22;39
118;913;22;39
6;913;22;39
1;913;22;39
232;913;22;39
10;913;22;39
15;912;22;39
6;912;22;39
7;912;22;39
12;912;22;39
18;912;22;39
11;912;22;39
14;912;22;39
13;912;22;39
8;912;22;39
10;912;22;39
9;912;22;39
9;912;22;39
11;912;22;39
3;912;22;39
2;912;22;39
250;912;22;39
160;912;22;39
0;912;22;39
6;912;22;39
13;912;22;39
7;912;22;39
13;912;22;39
10;912;22;39
18;912;22;39
5;912;22;39
18;912;22;39
13;912;22;39
7;912;22;39
7;912;22;39
19;912;22;39
5;912;22;39
17;912;22;39
275;912;22;39
140;912;22;39
6;912;22;39
0;912;22;39
19;912;22;39
15;912;22;39
9;912;22;39
4;912;22;39
7;912;22;39
11;912;22;39
10;912;22;39
4;912;22;39
12;912;22;39
17;912;22;39
11;912;22;39
11;912;22;39
10;912;22;39
20;912;22;39
92;912;22;39
3;912;22;39
5;912;22;39
260;912;22;39
166;912;22;39
7;912;22;39
13;911;22;39
6;911;22;39
14;911;22;39
7;911;22;39
15;911;22;39
16;911;22;39
17;911;22;39
16;911;22;39
7;911;22;39
13;911;22;39
8;911;22;39
11;911;22;39
3;911;22;39
4;911;22;39
265;911;22;39
116;911;22;39
4;911;22;39
20;911;22;39
12;910;22;39
11;910;22;39
10;910;22;39
10;910;22;39
5;910;22;39
14;910;22;39
8;910;22;39
9;910;22;39
12;910;22;39
16;910;22;39
5;910;22;39
8;910;22;39
6;910;22;39
318;910;22;39
105;910;22;39
7;910;22;39
1;910;22;39
17;910;22;39
4;909;22;39
11;909;22;39
9;909;22;39
20;909;22;39
8;909;22;39
14;909;22;39
11;909;22;39
14;909;22;39
17;909;22;39
19;909;22;39
6;909;22;39
13;909;22;39
16;909;22;39
81;909;22;39
3;909;22;39
4;909;22;39
270;909;22;39
133;909;22;39
12;909;22;39
5;909;22;39
14;909;22;39
13;909;22;39
13;909;22;39
7;909;22;39
9;909;22;39
12;909;22;39
19;909;22;39
7;909;22;39
8;909;22;39
7;909;22;39
6;909;22;39
17;909;22;39
5;909;22;39
266;909;22;39
116;909;22;39
5;909;22;39
12;909;22;39
5;908;22;39
17;908;22;39
15;908;22;39
6;908;22;39
14;908;22;39
13;908;22;39
9;908;22;39
12;908;22;39
10;908;22;39
11;908;22;39
19;908;22;39
13;908;22;39
8;908;22;39
282;908;22;39
94;908;22;39
5;908;22;39
3;908;22;39
243;908;22;39
18;908;22;39
15;908;22;39
12;908;22;39
17;908;22;39
12;908;22;39
11;908;22;39
9;908;22;39
7;908;22;39
15;908;22;39
8;908;22;39
17;908;22;39
11;908;22;39
10;908;22;39
47;908;22;39
2;908;22;39
2;908;22;39
281;908;22;39
132;908;22;39
8;908;22;39
11;908;22;39
22;908;22;39
6;908;22;39
17;908;22;39
8;908;22;39
14;908;22;39
11;908;22;39
13;908;22;39
10;908;22;39
7;908;22;39
14;908;22;39
17;908;22;39
7;908;22;39
3;908;22;39
274;908;22;39
119;908;22;39
3;908;22;39
11;908;22;39
11;907;22;39
9;907;22;39
8;907;22;39
5;907;22;39
12;907;22;39
7;907;22;39
8;907;22;39
8;907;22;39
7;907;22;39
12;907;22;39
24;907;22;39
7;907;22;39
5;907;22;39
296;907;22;39
88;907;22;39
4;907;22;39
2;907;22;39
281;907;22;39
14;907;22;39
5;908;22;39
11;908;22;39
12;908;22;39
11;908;22;39
12;908;22;39
6;908;22;39
7;908;22;39
12;908;22;39
11;908;22;39
16;908;22;39
13;908;22;39
12;908;22;39
12;908;22;39
10;908;22;39
2;908;22;39
287;908;22;39
162;908;22;39
17;908;22;39
11;905;22;39
10;905;22;39
14;905;22;39
11;905;22;39
14;905;22;39
11;905;22;39
16;905;22;39
14;905;22;39
15;905;22;39
12;905;22;39
14;905;22;39
8;905;22;39
14;905;22;39
3;905;22;39
290;905;22;39
140;905;22;39
1;905;22;39
0;905;22;39
11;905;22;39
9;905;22;39
8;905;22;39
17;905;22;39
10;905;22;39
11;905;22;39
9;905;22;39
9;905;22;39
8;905;22;39
16;905;22;39
11;905;22;39
9;905;22;39
11;905;22;39
297;905;22;39
94;905;22;39
2;905;22;39
0;905;22;39
226;905;22;39
10;905;22;39
9;902;22;39
20;902;22;39
14;902;22;39
14;902;22;39
10;902;22;39
8;902;22;39
11;902;22;39
9;902;22;39
13;902;22;39
11;902;22;39
19;902;22;39
17;902;22;39
7;902;22;39
0;902;22;39
1;902;22;39
232;902;22;39
145;902;22;39
8;902;22;39
18;898;22;39
8;898;22;39
12;898;22;39
9;898;22;39
9;898;22;39
11;898;22;39
12;898;22;39
7;898;22;39
8;898;22;39
5;898;22;39
8;898;22;39
9;898;22;39
7;898;22;39
2;898;22;39
246;898;22;39
152;898;22;39
0;898;22;39
0;898;22;39
14;898;22;39
6;897;22;39
17;897;22;39
9;897;22;39
9;897;22;39
9;897;22;39
7;897;22;39
11;897;22;39
19;897;22;39
13;897;22;39
9;897;22;39
3;897;22;39
14;897;22;39
8;897;22;39
121;897;22;39
0;897;22;39
0;897;22;39
246;897;22;39
4;897;22;39
16;897;22;39
17;897;22;39
7;897;22;39
5;897;22;39
23;897;22;39
9;897;22;39
11;897;22;39
8;897;22;39
13;897;22;39
7;897;22;39
8;897;22;39
6;897;22;39
7;897;22;39
2;897;22;39
1;897;22;39
224;897;22;39
185;897;22;39
13;897;22;39
7;897;22;39
6;897;22;39
23;897;22;39
6;897;22;39
6;897;22;39
4;897;22;39
3;897;22;39
5;897;22;39
10;897;22;39
8;897;22;39
10;897;22;39
10;897;22;39
13;897;22;39
2;897;22;39
250;897;22;39
141;897;22;39
2;897;22;39
0;897;22;39
8;897;22;39
11;896;22;39
16;896;22;39
9;896;22;39
7;896;22;39
11;896;22;39
13;896;22;39
11;896;22;39
7;896;22;39
11;896;22;39
6;896;22;39
14;896;22;39
12;896;22;39
5;896;22;39
97;896;22;39
2;896;22;39
2;896;22;39
271;896;22;39
13;896;22;39
9;896;22;39
7;896;22;39
7;896;22;39
17;896;22;39
9;896;22;39
11;896;22;39
7;896;22;39
10;896;22;39
12;896;22;39
8;896;22;39
10;896;22;39
11;896;22;39
11;896;22;39
3;896;22;39
2;896;22;39
248;896;22;39
128;896;22;39
1;896;22;39
10;896;22;39
16;897;22;39
21;897;22;39
14;897;22;39
12;897;22;39
22;897;22;39
13;897;22;39
10;897;22;39
7;897;22;39
8;897;22;39
12;897;22;39
21;897;22;39
10;897;22;39
8;897;22;39
274;897;22;39
125;897;22;39
9;897;22;39
3;897;22;39
9;897;22;39
13;896;22;39
11;896;22;39
10;896;22;39
8;896;22;39
7;896;22;39
17;896;22;39
16;896;22;39
8;896;22;39
23;896;22;39
9;896;22;39
12;896;22;39
9;896;22;39
6;896;22;39
98;896;22;39
8;896;22;39
2;896;22;39
290;896;22;39
7;896;22;39
11;894;22;39
11;894;22;39
10;894;22;39
24;894;22;39
13;894;22;39
17;894;22;39
8;894;22;39
16;894;22;39
8;894;22;39
10;894;22;39
10;894;22;39
17;894;22;39
14;894;22;39
3;894;22;39
3;894;22;39
288;894;22;39
111;894;22;39
8;894;22;39
16;894;22;39
8;893;22;39
11;893;22;39
8;893;22;39
16;893;22;39
7;893;22;39
4;893;22;39
10;893;22;39
11;893;22;39
5;893;22;39
2;893;22;39
9;893;22;39
5;893;22;39
11;893;22;39
296;893;22;39
90;893;22;39
3;893;22;39
4;893;22;39
6;893;22;39
9;893;22;39
7;893;22;39
8;893;22;39
15;893;22;39
10;893;22;39
6;893;22;39
6;893;22;39
5;893;22;39
6;893;22;39
10;893;22;39
12;893;22;39
8;893;22;39
5;893;22;39
55;893;22;39
4;893;22;39
3;893;22;39
293;893;22;39
119;893;22;39
11;893;22;39
17;891;22;39
8;891;22;39
11;891;22;39
8;891;22;39
16;891;22;39
11;891;22;39
14;891;22;39
7;891;22;39
6;891;22;39
6;891;22;39
8;891;22;39
6;891;22;39
4;891;22;39
5;891;22;39
312;891;22;39
82;891;22;39
8;891;22;39
6;891;22;39
9;891;22;39
13;891;22;39
9;891;22;39
9;891;22;39
8;891;22;39
6;891;22;39
5;891;22;39
5;891;22;39
11;891;22;39
10;891;22;39
7;891;22;39
8;891;22;39
14;891;22;39
328;891;22;39
36;891;22;39
3;891;22;39
4;891;22;39
15;891;22;39
6;890;22;39
6;890;22;39
7;890;22;39
13;890;22;39
10;890;22;39
10;890;22;39
6;890;22;39
8;890;22;39
7;890;22;39
5;890;22;39
9;890;22;39
6;890;22;39
13;890;22;39
38;890;22;39
3;890;22;39
7;890;22;39
324;890;22;39
69;890;22;39
6;890;22;39
9;889;22;39
10;889;22;39
9;889;22;39
8;889;22;39
7;889;22;39
10;889;22;39
16;889;22;39
15;889;22;39
8;889;22;39
10;889;22;39
9;889;22;39
9;889;22;39
9;889;22;39
12;889;22;39
325;889;22;39
46;889;22;39
5;889;22;39
7;889;22;39
9;889;22;39
11;889;22;39
10;889;22;39
7;889;22;39
9;889;22;39
12;889;22;39
9;889;22;39
14;889;22;39
9;889;22;39
5;889;22;39
6;889;22;39
8;889;22;39
9;889;22;39
307;889;22;39
15;889;22;39
3;889;22;39
9;889;22;39
329;889;22;39
8;889;22;39
7;888;22;39
5;888;22;39
10;888;22;39
11;888;22;39
11;888;22;39
7;888;22;39
5;888;22;39
2;888;22;39
9;888;22;39
5;888;22;39
5;888;22;39
7;888;22;39
0;888;22;39
4;888;22;39
15;888;22;39
283;888;22;39
33;888;22;39
8;888;22;39
7;887;22;39
8;887;22;39
8;887;22;39
10;887;22;39
10;887;22;39
6;887;22;39
7;887;22;39
10;887;22;39
8;887;22;39
9;887;22;39
11;887;22;39
8;887;22;39
7;887;22;39
23;887;22;39
297;887;22;39
4;887;22;39
2;887;22;39
8;887;22;39
8;886;22;39
10;886;22;39
13;886;22;39
8;886;22;39
7;886;22;39
7;886;22;39
8;886;22;39
12;886;22;39
13;886;22;39
7;886;22;39
6;886;22;39
11;886;22;39
13;886;22;39
289;886;22;39
0;886;22;39
2;886;22;39
16;886;22;39
330;886;22;39
9;886;22;39
11;885;22;39
7;885;22;39
9;885;22;39
9;885;22;39
11;885;22;39
10;885;22;39
10;885;22;39
12;885;22;39
9;885;22;39
11;885;22;39
11;885;22;39
13;885;22;39
9;885;22;39
3;885;22;39
19;885;22;39
343;885;22;39
6;885;22;39
12;885;22;39
10;884;22;39
6;884;22;39
7;884;22;39
7;884;22;39
8;884;22;39
8;884;22;39
9;884;22;39
9;884;22;39
5;884;22;39
8;884;22;39
11;884;22;39
11;884;22;39
7;884;22;39
23;884;22;39
302;884;22;39
4;884;22;39
2;884;22;39
11;884;22;39
11;884;22;39
6;884;22;38
7;884;22;38
5;884;22;38
8;884;22;38
10;884;22;38
11;884;22;38
13;884;22;38
6;884;22;38
7;884;22;38
9;884;22;38
11;884;22;38
9;884;22;38
241;884;22;38
4;884;22;38
7;884;22;38
19;884;22;38
329;884;22;38
11;884;22;38
19;884;22;38
11;884;22;38
10;884;22;38
6;884;22;38
6;884;22;38
9;884;22;38
8;884;22;38
8;884;22;38
9;884;22;38
9;884;22;38
11;884;22;38
12;884;22;38
18;884;22;38
0;884;22;38
25;884;22;38
313;884;22;38
12;884;22;38
10;884;22;38
6;884;22;38
8;884;22;38
8;884;22;38
9;884;22;38
11;884;22;38
13;884;22;38
13;884;22;38
5;884;22;38
8;884;22;38
8;884;22;38
9;884;22;38
10;884;22;38
10;884;22;38
34;884;22;38
277;884;22;38
0;884;22;38
9;884;22;38
18;884;22;38
4;884;22;38
11;884;22;39
9;884;22;39
7;884;22;39
15;884;22;39
6;884;22;39
7;884;22;39
10;884;22;39
8;884;22;39
9;884;22;39
16;884;22;39
11;884;22;39
8;884;22;39
5;884;22;39
0;884;22;39
1;884;22;39
28;884;22;39
292;884;22;39
6;884;22;39
8;882;22;38
7;882;22;38
10;882;22;38
8;882;22;38
8;882;22;38
8;882;22;38
10;882;22;38
12;882;22;38
12;882;22;38
6;882;22;38
7;882;22;38
10;882;22;38
8;882;22;38
1;882;22;38
43;882;22;38
286;882;22;38
0;882;22;38
3;882;22;38
10;882;22;38
10;881;22;38
10;881;22;38
7;881;22;38
6;881;22;38
8;881;22;38
8;881;22;38
7;881;22;38
11;881;22;38
11;881;22;38
13;881;22;38
5;881;22;38
8;881;22;38
60;881;22;38
237;881;22;38
0;881;22;38
2;881;22;38
32;881;22;38
8;881;22;38
6;879;22;38
8;879;22;38
7;879;22;38
9;879;22;38
8;879;22;38
9;879;22;38
9;879;22;38
14;879;22;38
14;879;22;38
8;879;22;38
11;879;22;38
10;879;22;38
12;879;22;38
0;879;22;38
0;879;22;38
50;879;22;38
308;879;22;38
10;879;22;38
11;878;22;38
9;878;22;38
9;878;22;38
8;878;22;38
10;878;22;38
9;878;22;38
7;878;22;38
8;878;22;38
9;878;22;38
7;878;22;38
7;878;22;38
8;878;22;38
7;878;22;38
0;878;22;38
74;878;22;38
276;878;22;38
0;878;22;38
1;878;22;38
12;878;22;38
6;878;22;38
6;878;22;38
8;878;22;38
11;878;22;38
11;878;22;38
11;878;22;38
6;878;22;38
7;878;22;38
9;878;22;38
13;878;22;38
11;878;22;38
10;878;22;38
11;878;22;38
277;878;22;38
0;878;22;38
3;878;22;38
52;878;22;38
8;878;22;38
9;878;22;38
5;878;22;38
9;878;22;38
7;878;22;38
9;878;22;38
6;878;22;38
14;878;22;38
12;878;22;38
8;878;22;38
5;878;22;38
6;878;22;38
8;878;22;38
11;878;22;38
0;878;22;38
1;878;22;38
80;878;22;38
311;878;22;38
0;878;22;38
10;878;22;38
11;877;22;38
8;877;22;38
8;877;22;38
12;877;22;38
7;877;22;38
11;877;22;38
11;877;22;38
9;877;22;38
9;877;22;38
10;877;22;38
9;877;22;38
7;877;22;38
1;877;22;38
115;877;22;38
247;877;22;38
0;877;22;38
1;877;22;38
9;877;22;38
5;875;22;38
8;875;22;38
9;875;22;38
15;875;22;38
9;875;22;38
10;875;22;38
7;875;22;38
6;875;22;38
5;875;22;38
8;875;22;38
11;875;22;38
13;875;22;38
8;875;22;38
218;875;22;38
0;875;22;38
0;875;22;38
87;875;22;38
17;875;22;38
8;875;22;38
12;875;22;38
8;875;22;38
13;875;22;38
11;875;22;38
4;875;22;38
8;875;22;38
13;875;22;38
10;875;22;38
6;875;22;38
8;875;22;38
6;875;22;38
6;875;22;38
0;875;22;38
0;875;22;38
134;875;22;38
230;875;22;38
0;875;22;38
8;875;22;38
7;876;22;38
8;876;22;38
8;876;22;38
11;876;22;38
11;876;22;38
3;876;22;38
7;876;22;38
6;876;22;38
6;876;22;38
5;876;22;38
9;876;22;38
6;876;22;38
12;876;22;38
185;876;22;38
202;876;22;38
0;876;22;38
3;876;22;38
8;876;22;38
8;875;22;38
9;875;22;38
9;875;22;38
10;875;22;38
11;875;22;38
8;875;22;38
7;875;22;38
9;875;22;38
6;875;22;38
14;875;22;38
9;875;22;38
8;875;22;38
11;875;22;38
171;875;22;38
0;875;22;38
1;875;22;38
128;875;22;38
254;875;22;38
11;875;22;38
10;875;22;38
8;875;22;38
8;875;22;38
11;875;22;38
6;875;22;38
5;875;22;38
8;875;22;38
7;875;22;38
8;875;22;38
7;875;22;38
10;875;22;38
7;875;22;38
0;875;22;38
0;875;22;38
188;875;22;38
198;875;22;38
0;875;22;38
11;875;22;38
9;875;22;38
11;875;22;38
3;875;22;38
8;875;22;38
5;875;22;38
7;875;22;38
5;875;22;38
9;875;22;38
5;875;22;38
8;875;22;38
9;875;22;38
6;875;22;38
7;875;22;38
221;875;22;38
186;875;22;38
0;875;22;38
0;875;22;38
9;875;22;38
7;875;22;38
6;875;22;38
5;875;22;38
7;875;22;38
7;875;22;38
8;875;22;38
7;875;22;38
10;875;22;38
10;875;22;38
6;875;22;38
6;875;22;38
9;875;22;38
7;875;22;38
138;875;22;38
0;875;22;38
0;875;22;38
200;875;22;38
184;875;22;38
7;875;22;38
9;875;22;38
10;875;22;38
4;875;22;38
6;875;22;38
10;875;22;38
9;875;22;38
9;875;22;38
13;875;22;38
10;875;22;38
8;875;22;38
11;875;22;38
16;875;22;38
17;875;22;38
1;875;22;38
229;875;22;38
136;875;22;38
0;875;22;38
9;875;22;38
8;876;22;38
7;876;22;38
9;876;22;38
8;876;22;38
5;876;22;38
10;876;22;38
13;876;22;38
11;876;22;38
7;876;22;38
13;876;22;38
6;876;22;38
7;876;22;38
7;876;22;38
247;876;22;38
131;876;22;38
2;876;22;38
1;876;22;38
206;876;22;38
12;874;22;38
8;874;22;38
7;874;22;38
11;874;22;38
6;874;22;38
7;874;22;38
8;874;22;38
8;874;22;38
10;874;22;38
8;874;22;38
9;874;22;38
11;874;22;38
8;874;22;38
78;874;22;38
3;874;22;38
1;874;22;38
245;874;22;38
173;874;22;38
8;874;22;38
5;873;22;38
8;873;22;38
8;873;22;38
8;873;22;38
9;873;22;38
12;873;22;38
10;873;22;38
9;873;22;38
6;873;22;38
5;873;22;38
6;873;22;38
9;873;22;38
9;873;22;38
3;873;22;38
266;873;22;38
118;873;22;38
1;873;22;38
15;873;22;38
9;873;22;38
10;873;22;38
7;873;22;38
7;873;22;38
7;873;22;38
6;873;22;38
8;873;22;38
8;873;22;38
7;873;22;38
8;873;22;38
10;873;22;38
11;873;22;38
13;873;22;38
295;873;22;38
109;873;22;38
3;873;22;38
3;873;22;38
268;873;22;38
8;873;22;38
7;873;22;38
8;873;22;38
8;873;22;38
9;873;22;38
8;873;22;38
7;873;22;38
10;873;22;38
10;873;22;38
16;873;22;38
10;873;22;38
8;873;22;38
11;873;22;38
9;873;22;38
5;873;22;38
4;873;22;38
286;873;22;38
124;873;22;38
9;873;22;38
13;872;22;38
6;872;22;38
9;872;22;38
9;872;22;38
12;872;22;38
13;872;22;38
13;872;22;38
12;872;22;38
7;872;22;38
9;872;22;38
7;872;22;38
7;872;22;38
7;872;22;38
7;872;22;38
309;872;22;38
63;872;22;38
2;872;22;38
2;872;22;38
9;871;22;38
7;871;22;38
7;871;22;38
11;871;22;38
9;871;22;38
11;871;22;38
8;871;22;38
4;871;22;38
8;871;22;38
8;871;22;38
6;871;22;38
4;871;22;38
7;871;22;38
287;871;22;38
19;871;22;38
1;871;22;38
6;871;22;38
324;871;22;38
11;871;22;38
11;871;22;38
11;871;22;38
6;871;22;38
8;871;22;38
6;871;22;38
13;871;22;38
11;871;22;38
12;871;22;38
11;871;22;38
15;871;22;38
13;871;22;38
8;871;22;38
7;871;22;38
1;871;22;38
11;871;22;38
329;871;22;38
40;871;22;38
13;871;22;38
12;871;22;38
11;871;22;38
8;871;22;38
8;871;22;38
11;871;22;38
5;871;22;38
16;871;22;38
6;871;22;38
12;871;22;38
11;871;22;38
8;871;22;38
10;871;22;38
12;871;22;38
17;871;22;38
343;871;22;38
16;871;22;38
3;871;22;38
7;871;22;38
7;871;22;38
12;870;22;38
11;870;22;38
12;870;22;38
15;870;22;38
9;870;22;38
8;870;22;38
10;870;22;38
7;870;22;38
7;870;22;38
8;870;22;38
11;870;22;38
13;870;22;38
14;870;22;38
3;870;22;38
2;870;22;38
13;870;22;38
303;870;22;38
12;870;22;38
7;871;22;38
9;871;22;38
7;871;22;38
10;871;22;38
14;871;22;38
7;871;22;38
7;871;22;38
7;871;22;38
8;871;22;38
11;871;22;38
11;871;22;38
12;871;22;38
7;871;22;38
3;871;22;38
19;871;22;38
315;871;22;38
10;871;22;38
9;871;22;38
7;870;22;38
10;870;22;38
5;870;22;38
7;870;22;38
14;870;22;38
13;870;22;38
6;870;22;38
5;870;22;38
6;870;22;38
8;870;22;38
12;870;22;38
9;870;22;38
8;870;22;38
32;870;22;38
273;870;22;38
4;870;22;38
11;870;22;38
16;870;22;38
8;870;22;38
6;870;22;38
13;870;22;38
9;870;22;38
6;870;22;38
6;870;22;38
8;870;22;38
7;870;22;38
15;870;22;38
12;870;22;38
8;870;22;38
8;870;22;38
10;870;22;38
12;870;22;38
0;870;22;38
3;870;22;38
27;870;22;38
305;870;22;38
8;870;22;38
7;870;22;38
7;870;22;38
11;870;22;38
11;870;22;38
11;870;22;38
13;870;22;38
13;870;22;38
11;870;22;38
12;870;22;38
12;870;22;38
10;870;22;38
6;870;22;38
8;870;22;38
5;870;22;38
38;870;22;38
250;870;22;38
3;870;22;38
2;870;22;38
14;870;22;38
11;870;22;38
10;870;22;38
11;870;22;38
9;870;22;38
8;870;22;38
6;870;22;38
5;870;22;38
8;870;22;38
8;870;22;38
7;870;22;38
7;870;22;38
5;870;22;38
12;870;22;38
257;870;22;38
0;870;22;38
4;870;22;38
32;870;22;38
7;870;22;38
10;870;22;38
11;870;22;38
7;870;22;38
7;870;22;38
8;870;22;38
8;870;22;38
9;870;22;38
8;870;22;38
8;870;22;38
11;870;22;38
9;870;22;38
7;870;22;38
7;870;22;38
0;870;22;38
2;870;22;38
55;870;22;38
283;870;22;38
10;870;22;38
11;868;22;38
6;868;22;38
6;868;22;38
13;868;22;38
8;868;22;38
9;868;22;38
8;868;22;38
8;868;22;38
7;868;22;38
11;868;22;38
9;868;22;38
8;868;22;38
9;868;22;38
5;868;22;38
86;868;22;38
287;868;22;38
0;868;22;38
1;868;22;38
8;868;22;38
11;867;22;38
8;867;22;38
6;867;22;38
5;867;22;38
6;867;22;38
11;867;22;38
10;867;22;38
7;867;22;38
7;867;22;38
7;867;22;38
6;867;22;38
10;867;22;38
10;867;22;38
235;867;22;38
0;867;22;38
1;867;22;38
75;867;22;38
10;867;22;38
14;867;22;38
4;867;22;38
7;867;22;38
8;867;22;38
6;867;22;38
8;867;22;38
8;867;22;38
7;867;22;38
7;867;22;38
7;867;22;38
9;867;22;38
6;867;22;38
8;867;22;38
0;867;22;38
0;867;22;38
142;867;22;38
242;867;22;38
0;867;22;38
7;867;22;38
8;867;22;38
9;867;22;38
6;867;22;38
7;867;22;38
10;867;22;38
13;867;22;38
8;867;22;38
5;867;22;38
10;867;22;38
9;867;22;38
16;867;22;38
9;867;22;38
8;867;22;38
204;867;22;38
192;867;22;38
0;867;22;38
0;867;22;38
6;867;22;38
8;867;22;38
6;867;22;38
9;867;22;38
13;867;22;38
10;867;22;38
10;867;22;38
9;867;22;38
9;867;22;38
8;867;22;38
7;867;22;38
11;867;22;38
9;867;22;38
7;867;22;38
120;867;22;38
1;867;22;38
0;867;22;38
236;867;22;38
9;867;22;38
10;866;22;38
11;866;22;38
13;866;22;38
13;866;22;38
10;866;22;38
8;866;22;38
6;866;22;38
6;866;22;38
7;866;22;38
8;866;22;38
10;866;22;38
10;866;22;38
10;866;22;38
3;866;22;38
2;866;22;38
281;866;22;38
4;862;22;38
8;862;22;38
14;862;22;38
10;862;22;38
14;862;22;38
7;862;22;38
5;862;22;38
7;862;22;38
0;862;22;38
0;862;22;38
145;862;22;38
225;862;22;38
10;862;22;38
6;862;22;38
13;862;22;38
7;862;22;38
10;862;22;38
5;862;22;38
9;862;22;38
4;862;22;38
4;862;22;38
4;862;22;38
8;862;22;38
3;862;22;38
8;862;22;38
8;862;22;38
0;862;22;38
201;862;22;38
228;862;22;38
0;862;22;38
2;862;22;38
17;862;22;38
11;861;22;38
11;861;22;38
10;861;22;38
8;861;22;38
14;861;22;38
13;861;22;38
7;861;22;38
9;861;22;38
6;861;22;38
11;861;22;38
9;861;22;38
6;861;22;38
206;861;22;38
187;861;22;38
0;861;22;38
3;861;22;38
115;861;22;38
13;861;22;38
9;860;22;38
11;860;22;38
8;860;22;38
12;860;22;38
7;860;22;38
7;860;22;38
12;860;22;38
10;860;22;38
15;860;22;38
8;860;22;38
6;860;22;38
7;860;22;38
7;860;22;38
0;860;22;38
1;860;22;38
165;860;22;38
241;860;22;38
15;860;22;38
9;860;22;38
8;860;22;38
10;860;22;38
11;860;22;38
7;860;22;38
6;860;22;38
9;860;22;38
8;860;22;38
8;860;22;38
8;860;22;38
13;860;22;38
8;860;22;38
8;860;22;38
0;860;22;38
206;860;22;38
224;860;22;38
0;860;22;38
0;860;22;38
8;860;22;38
10;860;22;38
7;860;22;38
12;860;22;38
11;860;22;38
10;860;22;38
6;860;22;38
14;860;22;38
10;860;22;38
14;860;22;38
9;860;22;38
6;860;22;38
12;860;22;38
8;860;22;38
198;860;22;38
0;860;22;38
1;860;22;38
113;860;22;38
11;860;22;38
9;860;22;38
7;860;22;38
9;860;22;38
9;860;22;38
10;860;22;38
7;860;22;38
7;860;22;38
11;860;22;38
9;860;22;38
9;860;22;38
10;860;22;38
9;860;22;38
5;860;22;38
0;860;22;38
0;860;22;38
139;860;22;38
236;860;22;38
0;860;22;38
10;860;22;38
11;859;22;38
10;859;22;38
5;859;22;38
6;859;22;38
5;859;22;38
6;859;22;38
12;859;22;38
9;859;22;38
8;859;22;38
8;859;22;38
11;859;22;38
8;859;22;38
0;859;22;38
180;859;22;38
234;859;22;38
0;859;22;38
3;859;22;38
6;859;22;38
10;859;22;38
7;859;22;38
7;859;22;38
8;859;22;38
11;859;22;38
7;859;22;38
9;859;22;38
8;859;22;38
9;859;22;38
8;859;22;38
9;859;22;38
6;859;22;38
5;859;22;38
194;859;22;38
0;859;22;38
0;859;22;38
140;859;22;38
10;859;22;38
9;859;22;38
8;859;22;38
15;859;22;38
9;859;22;38
11;859;22;38
8;859;22;38
7;859;22;38
7;859;22;38
11;859;22;38
11;859;22;38
11;859;22;38
4;859;22;38
6;859;22;38
0;859;22;38
5;859;22;38
190;859;22;38
267;859;22;38
0;859;22;38
11;859;22;38
9;859;22;38
14;859;22;38
10;859;22;38
9;859;22;38
8;859;22;38
10;859;22;38
11;859;22;38
9;859;22;38
6;859;22;38
9;859;22;38
11;859;22;38
5;859;22;38
7;859;22;38
183;859;22;38
209;859;22;38
0;859;22;38
3;859;22;38
12;859;22;38
12;859;22;38
12;859;22;38
15;859;22;38
9;859;22;38
9;859;22;38
12;859;22;38
9;859;22;38
8;859;22;38
8;859;22;38
8;859;22;38
12;859;22;38
12;859;22;38
11;859;22;38
201;859;22;38
0;859;22;38
0;859;22;38
110;859;22;38
208;859;22;38
9;859;22;38
10;860;22;38
7;860;22;38
7;860;22;38
7;860;22;38
7;860;22;38
5;860;22;38
12;860;22;38
16;860;22;38
6;860;22;38
7;860;22;38
7;860;22;38
8;860;22;38
0;860;22;38
0;860;22;38
176;860;22;38
239;860;22;38
0;860;22;38
9;860;22;38
12;859;22;38
9;859;22;38
11;859;22;38
7;859;22;38
7;859;22;38
6;859;22;38
6;859;22;38
5;859;22;38
9;859;22;38
10;859;22;38
10;859;22;38
8;859;22;38
7;859;22;38
212;859;22;38
215;859;22;38
0;859;22;38
0;859;22;38
5;859;22;38
12;859;22;38
6;859;22;38
6;859;22;38
9;859;22;38
11;859;22;38
10;859;22;38
9;859;22;38
10;859;22;38
11;859;22;38
11;859;22;38
8;859;22;38
7;859;22;38
11;859;22;38
172;859;22;38
0;859;22;38
1;859;22;38
187;859;22;38
240;859;22;38
8;859;22;38
9;859;22;38
9;859;22;38
12;859;22;38
8;859;22;38
4;859;22;38
9;859;22;38
6;859;22;38
6;859;22;38
9;859;22;38
8;859;22;38
9;859;22;38
7;859;22;38
10;859;22;38
1;859;22;38
230;859;22;38
204;859;22;38
0;859;22;38
8;859;22;38
7;859;22;38
13;859;22;38
9;859;22;38
5;859;22;38
6;859;22;38
8;859;22;38
6;859;22;38
7;859;22;38
9;859;22;38
9;859;22;38
12;859;22;38
9;859;22;38
10;859;22;38
264;859;22;38
135;859;22;38
3;859;22;38
0;859;22;38
234;859;22;38
9;859;22;38
11;859;22;38
12;859;22;38
8;859;22;38
12;859;22;38
12;859;22;38
8;859;22;38
6;859;22;38
9;859;22;38
7;859;22;38
9;859;22;38
12;859;22;38
9;859;22;38
117;859;22;38
2;859;22;38
0;859;22;38
234;859;22;38
193;859;22;38
8;859;22;38
10;858;22;38
10;858;22;38
6;858;22;38
6;858;22;38
6;858;22;38
6;858;22;38
8;858;22;38
7;858;22;38
11;858;22;38
12;858;22;38
5;858;22;38
8;858;22;38
6;858;22;38
1;858;22;38
264;858;22;38
163;858;22;38
1;858;22;38
7;858;22;38
5;858;22;38
7;858;22;38
8;858;22;38
13;858;22;38
16;858;22;38
5;858;22;38
12;858;22;38
10;858;22;38
11;858;22;38
10;858;22;38
9;858;22;38
10;858;22;38
12;858;22;38
269;858;22;38
167;858;22;38
1;858;22;38
0;858;22;38
219;858;22;38
7;858;22;38
9;858;22;38
10;858;22;38
8;858;22;38
5;858;22;38
6;858;22;38
6;858;22;38
10;858;22;38
9;858;22;38
13;858;22;38
7;858;22;38
7;858;22;38
9;858;22;38
7;858;22;38
9;858;22;38
2;858;22;38
270;858;22;38
151;858;22;38
11;858;22;38
11;856;22;38
13;856;22;38
9;856;22;38
8;856;22;38
8;856;22;38
10;856;22;38
12;856;22;38
10;856;22;38
5;856;22;38
7;856;22;38
7;856;22;38
7;856;22;38
13;856;22;38
3;856;22;38
293;856;22;38
105;856;22;38
0;856;22;38
0;856;22;38
8;857;22;38
11;857;22;38
9;857;22;38
8;857;22;38
11;857;22;38
7;857;22;38
8;857;22;38
8;857;22;38
2;857;22;38
8;857;22;38
6;857;22;38
10;857;22;38
5;857;22;38
321;857;22;38
89;857;22;38
1;857;22;38
2;857;22;38
274;857;22;38
5;857;22;38
12;857;22;38
8;857;22;38
6;857;22;38
7;857;22;38
6;857;22;38
6;857;22;38
6;857;22;38
7;857;22;38
5;857;22;38
9;857;22;38
8;857;22;38
10;857;22;38
8;857;22;38
3;857;22;38
3;857;22;38
267;857;22;38
130;857;22;38
9;857;22;38
7;856;22;38
5;856;22;38
16;856;22;38
9;856;22;38
12;856;22;38
8;856;22;38
8;856;22;38
7;856;22;38
10;856;22;38
13;856;22;38
12;856;22;38
14;856;22;38
6;856;22;38
5;856;22;38
334;856;22;38
93;856;22;38
4;856;22;38
2;856;22;38
9;856;22;38
6;854;22;38
7;854;22;38
8;854;22;38
7;854;22;38
6;854;22;38
8;854;22;38
8;854;22;38
11;854;22;38
8;854;22;38
7;854;22;38
7;854;22;38
8;854;22;38
9;854;22;38
65;854;22;38
3;854;22;38
4;854;22;38
291;854;22;38
8;854;22;38
11;854;22;38
11;854;22;38
9;854;22;38
6;854;22;38
7;854;22;38
5;854;22;38
8;854;22;38
9;854;22;38
12;854;22;38
9;854;22;38
5;854;22;38
8;854;22;38
6;854;22;38
3;854;22;38
7;854;22;38
330;854;22;38
72;854;22;38
7;854;22;38
7;854;22;38
9;854;22;38
8;854;22;38
7;854;22;38
8;854;22;38
5;854;22;38
7;854;22;38
8;854;22;38
14;854;22;38
12;854;22;38
7;854;22;38
6;854;22;38
6;854;22;38
12;854;22;38
314;854;22;38
41;854;22;38
7;854;22;38
6;854;22;38
8;854;22;38
7;854;22;38
7;854;22;38
8;854;22;38
6;854;22;38
7;854;22;38
8;854;22;38
11;854;22;38
7;854;22;38
13;854;22;38
6;854;22;38
7;854;22;38
8;854;22;38
8;854;22;38
20;854;22;38
9;854;22;38
11;854;22;38
334;854;22;38
12;854;22;38
8;853;22;38
14;853;22;38
7;853;22;38
12;853;22;38
10;853;22;38
5;853;22;38
5;853;22;38
10;853;22;38
8;853;22;38
7;853;22;38
6;853;22;38
10;853;22;38
8;853;22;38
1;853;22;38
20;853;22;38
311;853;22;38
16;853;22;38
4;853;22;38
13;853;22;38
9;853;22;38
9;853;22;38
8;853;22;38
10;853;22;38
6;853;22;38
7;853;22;38
9;853;22;38
8;853;22;38
14;853;22;38
10;853;22;38
7;853;22;38
11;853;22;38
9;853;22;38
277;853;22;38
6;853;22;38
2;853;22;38
19;853;22;38
11;853;22;38
9;853;22;38
9;853;22;38
9;853;22;38
7;853;22;38
11;853;22;38
6;853;22;38
5;853;22;38
6;853;22;38
7;853;22;38
8;853;22;38
8;853;22;38
4;853;22;38
9;853;22;38
0;853;22;38
4;853;22;38
36;853;22;38
282;853;22;38
8;853;22;38
7;853;22;38
7;853;22;38
7;853;22;38
5;853;22;38
5;853;22;38
4;853;22;38
7;853;22;38
10;853;22;38
16;853;22;38
7;853;22;38
5;853;22;38
6;853;22;38
6;853;22;38
0;853;22;38
58;853;22;38
280;853;22;38
0;853;22;38
7;853;22;38
6;853;22;38
15;852;22;38
7;852;22;38
6;852;22;38
6;852;22;38
5;852;22;38
6;852;22;38
